data_name	note_id	measure	beat	offset	absolute_time	end_time	pitch	pitch_midi	octave	duration	time_from_prev	time_to_next	fingering	string	pluck	fret
abe etude 25-1	0	0	1	0	0	0.5	D4	62	4	1	0	0.5	3	2		3
abe etude 25-1	1	1	2	1	0.5	1	G4	67	4	1	0.5	0	4	1		3
abe etude 25-1	2	1	2	1	0.5	1	B3	59	3	1	0	0	0	2		0
abe etude 25-1	3	1	2	1	0.5	1	G3	55	3	1	0	0.5	0	3		0
abe etude 25-1	4	1	3	2	1	1.5	G4	67	4	1	0.5	0	4	1		3
abe etude 25-1	5	1	3	2	1	1.5	B3	59	3	1	0	0	0	2		0
abe etude 25-1	6	1	3	2	1	1.5	G3	55	3	1	0	0.5	0	3		0
abe etude 25-1	7	1	4	3	1.5	1.75	G4	67	4	0.5	0.5	0	4	1		3
abe etude 25-1	8	1	4	3	1.5	2.5	C4	60	4	2	0	0	1	2		1
abe etude 25-1	9	1	4	3	1.5	2	A3	57	3	1	0	0.25	2	3		2
abe etude 25-1	10	1	4.5	3.5	1.75	2	F#4	66	4	0.5	0.25	0.25	3	1		2
abe etude 25-1	11	1	1	4	2	2.25	E4	64	4	0.5	0.25	0	0	1		0
abe etude 25-1	12	1	1	4	2	2.5	D3	50	3	1	0	0.25	0	4		0
abe etude 25-1	13	1	1.5	4.5	2.25	2.5	F#4	66	4	0.5	0.25	0.25	3	1		2
abe etude 25-1	14	2	2	5	2.5	3.5	G4	67	4	2	0.25	0	4	1		3
abe etude 25-1	15	2	2	5	2.5	3.5	B3	59	3	2	0	0	0	2		0
abe etude 25-1	16	2	2	5	2.5	3.5	G3	55	3	2	0	1	0	3		0
abe etude 25-1	17	2	4	7	3.5	4	D4	62	4	1	1	0.5	3	2		3
abe etude 25-1	18	2	1	8	4	4.5	B3	59	3	1	0.5	0	0	2		0
abe etude 25-1	19	2	1	8	4	4.5	G3	55	3	1	0	0.5	0	3		0
abe etude 25-1	20	3	2	9	4.5	5	C4	60	4	1	0.5	0	1	2		1
abe etude 25-1	21	3	2	9	4.5	5	A3	57	3	1	0	0.5	3	3		2
abe etude 25-1	22	3	3	10	5	5.5	C4	60	4	1	0.5	0	1	2		1
abe etude 25-1	23	3	3	10	5	5.5	A3	57	3	1	0	0	3	3		2
abe etude 25-1	24	3	3	10	5	5.5	D3	50	3	1	0	0.5	0	4		0
abe etude 25-1	25	3	4	11	5.5	5.75	C4	60	4	0.5	0.5	0	1	2		1
abe etude 25-1	26	3	4	11	5.5	6.5	A3	57	3	2	0	0	3	3		2
abe etude 25-1	27	3	4	11	5.5	6	F#2	42	2	1	0	0.25	2	6		2
abe etude 25-1	28	3	4.5	11.5	5.75	6	B3	59	3	0.5	0.25	0.25	0	2		0
abe etude 25-1	29	3	1	12	6	6.25	C4	60	4	0.5	0.25	0	1	2		1
abe etude 25-1	30	3	1	12	6	6.5	D3	50	3	1	0	0.25	0	4		0
abe etude 25-1	31	3	1.5	12.5	6.25	6.5	D4	62	4	0.5	0.25	0.25	4	2		3
abe etude 25-1	32	4	2	13	6.5	7.5	B3	59	3	2	0.25	0	0	2		0
abe etude 25-1	33	4	2	13	6.5	7	G2	43	2	1	0	0	3	6		3
abe etude 25-1	34	4	2	13	6.5	7.5	G3	55	3	2	0	0.5	0	3		0
abe etude 25-1	35	4	3	14	7	7.5	D3	50	3	1	0.5	0.5	0	4		0
abe etude 25-1	36	4	4	15	7.5	8	G2	43	2	1	0.5	0.5	3	6		3
abe etude 25-1	37	4	1	16	8	8.5	D4	62	4	1	0.5	0.5	3	2		3
abe etude 25-1	38	5	2	17	8.5	9	G4	67	4	1	0.5	0	4	1		3
abe etude 25-1	39	5	2	17	8.5	9.5	B3	59	3	2	0	0	0	2		0
abe etude 25-1	40	5	2	17	8.5	9.5	G3	55	3	2	0	0.5	0	3		0
abe etude 25-1	41	5	3	18	9	9.5	G4	67	4	1	0.5	0.5	4	1		3
abe etude 25-1	42	5	4	19	9.5	9.75	G4	67	4	0.5	0.5	0	4	1		3
abe etude 25-1	43	5	4	19	9.5	10	B3	59	3	1	0	0	0	2		0
abe etude 25-1	44	5	4	19	9.5	10	E3	52	3	1	0	0.25	1	4		2
abe etude 25-1	45	5	4.5	19.5	9.75	10	F#4	66	4	0.5	0.25	0.25	2	1		2
abe etude 25-1	46	5	1	20	10	10.25	E4	64	4	0.5	0.25	0.25	0	1		0
abe etude 25-1	47	5	1.5	20.5	10.25	10.5	D4	62	4	0.5	0.25	0.25	3	2		3
abe etude 25-1	48	6	2	21	10.5	11.5	C#4	61	4	2	0.25	0	2	2		2
abe etude 25-1	49	6	2	21	10.5	11	A3	57	3	1	0	0.5	1	3		2
abe etude 25-1	50	6	3	22	11	11.5	G3	55	3	1	0.5	0.5	0	3		0
abe etude 25-1	51	6	4	23	11.5	12	D4	62	4	1	0.5	0	2	2		3
abe etude 25-1	52	6	4	23	11.5	12	F#3	54	3	1	0	0.5	3	4		4
abe etude 25-1	53	6	1	24	12	12.5	F#4	66	4	1	0.5	0	1	1		2
abe etude 25-1	54	6	1	24	12	12.5	D3	50	3	1	0	0.5	0	4		0
abe etude 25-1	55	7	2	25	12.5	13	B3	59	3	1	0.5	0	0	2		0
abe etude 25-1	56	7	2	25	12.5	13.5	G3	55	3	2	0	0.5	0	3		0
abe etude 25-1	57	7	3	26	13	13.5	E4	64	4	1	0.5	0.5	0	1		0
abe etude 25-1	58	7	4	27	13.5	13.75	D4	62	4	0.5	0.5	0	2	2		3
abe etude 25-1	59	7	4	27	13.5	14.5	G3	55	3	2	0	0	0	3		0
abe etude 25-1	60	7	4	27	13.5	14.5	A2	45	2	2	0	0.25	0	5		0
abe etude 25-1	61	7	4.5	27.5	13.75	14	C#4	61	4	0.5	0.25	0.25	1	2		2
abe etude 25-1	62	7	1	28	14	14.25	B3	59	3	0.5	0.25	0.25	0	2		0
abe etude 25-1	63	7	1.5	28.5	14.25	14.5	C#4	61	4	0.5	0.25	0.25	1	2		2
abe etude 25-1	64	8	2	29	14.5	15.5	D4	62	4	2	0.25	0	1	2		3
abe etude 25-1	65	8	2	29	14.5	15	D3	50	3	1	0	0	3	5		5
abe etude 25-1	66	8	2	29	14.5	15	F#3	54	3	1	0	0.5	2	4		4
abe etude 25-1	67	8	3	30	15	15.5	D3	50	3	1	0.5	0.5	0	4		0
abe etude 25-1	68	8	4	31	15.5	16.5	D3	50	3	2	0.5	0.5	0	4		0
abe etude 25-1	69	8	1	32	16	16.5	D4	62	4	1	0.5	0.5	3	2		3
abe etude 25-1	70	9	2	33	16.5	17	E4	64	4	1	0.5	0.5	0	1		0
abe etude 25-1	71	9	3	34	17	17.5	E4	64	4	1	0.5	0	0	1		0
abe etude 25-1	72	9	3	34	17	17.5	D4	62	4	1	0	0	4	2		3
abe etude 25-1	73	9	3	34	17	17.5	G#3	56	3	1	0	0.5	1	3		1
abe etude 25-1	74	9	4	35	17.5	17.75	E4	64	4	0.5	0.5	0	0	1		0
abe etude 25-1	75	9	4	35	17.5	18	C4	60	4	1	0	0	1	2		1
abe etude 25-1	76	9	4	35	17.5	18	A3	57	3	1	0	0.25	2	3		2
abe etude 25-1	77	9	4.5	35.5	17.75	18	F#4	66	4	0.5	0.25	0.25	3	1		2
abe etude 25-1	78	9	1	36	18	18.25	G4	67	4	0.5	0.25	0.25	4	1		3
abe etude 25-1	79	9	1.5	36.5	18.25	18.5	A4	69	4	0.5	0.25	0.25	4	1		5
abe etude 25-1	80	10	2	37	18.5	19.5	D4	62	4	2	0.25	0.5	1	2		3
abe etude 25-1	81	10	3	38	19	19.5	C4	60	4	1	0.5	0	3	3		5
abe etude 25-1	82	10	3	38	19	19.5	F#3	54	3	1	0	0.5	2	4		4
abe etude 25-1	83	10	4	39	19.5	20	D4	62	4	1	0.5	0	1	2		3
abe etude 25-1	84	10	4	39	19.5	20	B3	59	3	1	0	0	2	3		4
abe etude 25-1	85	10	4	39	19.5	20	G3	55	3	1	0	0.5	3	4		5
abe etude 25-1	86	10	1	40	20	20.5	G4	67	4	1	0.5	0	4	1		3
abe etude 25-1	87	10	1	40	20	20.5	B3	59	3	1	0	0	0	2		0
abe etude 25-1	88	10	1	40	20	20.5	G3	55	3	1	0	0.5	0	3		0
abe etude 25-1	89	11	2	41	20.5	21	F#4	66	4	1	0.5	0	3	1		2
abe etude 25-1	90	11	2	41	20.5	21.5	C4	60	4	2	0	0	1	2		1
abe etude 25-1	91	11	2	41	20.5	21.5	A3	57	3	2	0	0.5	2	3		2
abe etude 25-1	92	11	3	42	21	21.5	F#4	66	4	1	0.5	0	3	1		2
abe etude 25-1	93	11	3	42	21	23	D3	50	3	4	0	0.5	0	4		0
abe etude 25-1	94	11	4	43	21.5	22	G4	67	4	1	0.5	0	4	1		3
abe etude 25-1	95	11	4	43	21.5	22	B3	59	3	1	0	0	0	2		0
abe etude 25-1	96	11	4	43	21.5	22	G3	55	3	1	0	0.5	0	3		0
abe etude 25-1	97	11	1	44	22	22.5	B4	71	4	1	0.5	0	1	1		7
abe etude 25-1	98	11	1	44	22	22.5	G4	67	4	1	0	0.5	2	2		8
abe etude 25-1	99	12	2	45	22.5	23	A4	69	4	1	0.5	0	1	1		5
abe etude 25-1	100	12	2	45	22.5	23	F#4	66	4	1	0	0.5	3	2		7
abe etude 25-1	101	12	3	46	23	23.5	D4	62	4	1	0.5	0.5	2	3		7
abe etude 25-1	102	12	4	47	23.5	24	D3	50	3	1	0.5	0.5	0	4		0
abe etude 25-1	103	12	1	48	24	24.5	D4	62	4	1	0.5	0.5	1	3		7
abe etude 25-1	104	13	2	49	24.5	25	B4	71	4	1	0.5	0	2	1		7
abe etude 25-1	105	13	2	49	24.5	26	G3	55	3	3	0	0.5	0	3		0
abe etude 25-1	106	13	3	50	25	25.5	B4	71	4	1	0.5	0	2	1		7
abe etude 25-1	107	13	3	50	25	25.5	G4	67	4	1	0	0.5	3	2		8
abe etude 25-1	108	13	4	51	25.5	26	G4	67	4	1	0.5	0	1	1		3
abe etude 25-1	109	13	4	51	25.5	26	E4	64	4	1	0	0.5	3	2		5
abe etude 25-1	110	13	1	52	26	26.5	E4	64	4	1	0.5	0	3	2		5
abe etude 25-1	111	13	1	52	26	26.5	C4	60	4	1	0	0.5	2	3		5
abe etude 25-1	112	14	2	53	26.5	27.5	D4	62	4	2	0.5	0	1	2		3
abe etude 25-1	113	14	2	53	26.5	27.5	B3	59	3	2	0	1	2	3		4
abe etude 25-1	114	14	4	55	27.5	28	B3	59	3	1	1	0	0	2		0
abe etude 25-1	115	14	4	55	27.5	28	G3	55	3	1	0	0.5	0	3		0
abe etude 25-1	116	14	1	56	28	28.5	D4	62	4	1	0.5	0	1	2		3
abe etude 25-1	117	14	1	56	28	28.5	B3	59	3	1	0	0.5	2	3		4
abe etude 25-1	118	15	2	57	28.5	29	E4	64	4	1	0.5	0	0	1		0
abe etude 25-1	119	15	2	57	28.5	29.5	C#4	61	4	2	0	0	1	2		2
abe etude 25-1	120	15	2	57	28.5	29.5	A#3	58	3	2	0	0.5	2	3		3
abe etude 25-1	121	15	3	58	29	29.5	E4	64	4	1	0.5	0.5	0	1		0
abe etude 25-1	122	15	4	59	29.5	29.75	G4	67	4	0.5	0.5	0	4	1		3
abe etude 25-1	123	15	4	59	29.5	30.5	C4	60	4	2	0	0	1	2		1
abe etude 25-1	124	15	4	59	29.5	30.5	A3	57	3	2	0	0.25	2	3		2
abe etude 25-1	125	15	4.5	59.5	29.75	30	F#4	66	4	0.5	0.25	0.25	3	1		2
abe etude 25-1	126	15	1	60	30	30.25	E4	64	4	0.5	0.25	0	0	1		0
abe etude 25-1	127	15	1	60	30	30.5	D3	50	3	1	0	0.25	0	4		0
abe etude 25-1	128	15	1.5	60.5	30.25	30.5	F#4	66	4	0.5	0.25	0.25	3	1		2
abe etude 25-1	129	16	2	61	30.5	31	G4	67	4	1	0.25	0	4	1		3
abe etude 25-1	130	16	2	61	30.5	31	G3	55	3	1	0	0	0	3		0
abe etude 25-1	131	16	2	61	30.5	31	B3	59	3	1	0	0.5	0	2		0
abe etude 25-1	132	16	3	62	31	31.5	D3	50	3	1	0.5	0.5	0	4		0
abe etude 25-1	133	16	4	63	31.5	32	G2	43	2	1	0.5	0.5	3	6		3
abe etude 25-1	134	17	1	64	32	32.5	B3	59	3	1	0.5	0.5	0	2		0
abe etude 25-1	135	18	2	65	32.5	33	G4	67	4	1	0.5	0	4	1		3
abe etude 25-1	136	18	2	65	32.5	34.5	E2	40	2	4	0	0.5	0	6		0
abe etude 25-1	137	18	3	66	33	33.5	G4	67	4	1	0.5	0	4	1		3
abe etude 25-1	138	18	3	66	33	33.5	B3	59	3	1	0	0.5	0	2		0
abe etude 25-1	139	18	4	67	33.5	34	F#4	66	4	1	0.5	0	3	1		2
abe etude 25-1	140	18	4	67	33.5	34	C4	60	4	1	0	0	1	2		1
abe etude 25-1	141	18	4	67	33.5	34	A3	57	3	1	0	0.5	2	3		2
abe etude 25-1	142	18	1	68	34	34.5	F#4	66	4	1	0.5	0	3	1		2
abe etude 25-1	143	18	1	68	34	34.5	C4	60	4	1	0	0	1	2		1
abe etude 25-1	144	18	1	68	34	34.5	A3	57	3	1	0	0.5	2	3		2
abe etude 25-1	145	19	2	69	34.5	35.5	E4	64	4	2	0.5	0	0	1		0
abe etude 25-1	146	19	2	69	34.5	36.5	E2	40	2	4	0	0.5	0	6		0
abe etude 25-1	147	19	3	70	35	35.5	G3	55	3	1	0.5	0.5	0	3		0
abe etude 25-1	148	19	4	71	35.5	36	B3	59	3	1	0.5	0	0	2		0
abe etude 25-1	149	19	4	71	35.5	36.5	G3	55	3	2	0	0.5	0	3		0
abe etude 25-1	150	19	1	72	36	36.5	B3	59	3	1	0.5	0.5	0	2		0
abe etude 25-1	151	20	2	73	36.5	37	G4	67	4	1	0.5	0	4	1		3
abe etude 25-1	152	20	2	73	36.5	38.5	E2	40	2	4	0	0.5	0	6		0
abe etude 25-1	153	20	3	74	37	37.5	G4	67	4	1	0.5	0	4	1		3
abe etude 25-1	154	20	3	74	37	37.5	B3	59	3	1	0	0.5	0	2		0
abe etude 25-1	155	20	4	75	37.5	37.75	F#4	66	4	0.5	0.5	0	3	1		2
abe etude 25-1	156	20	4	75	37.5	38	C4	60	4	1	0	0	1	2		1
abe etude 25-1	157	20	4	75	37.5	38	A3	57	3	1	0	0.25	2	3		2
abe etude 25-1	158	20	4.5	75.5	37.75	38	E4	64	4	0.5	0.25	0.25	0	1		0
abe etude 25-1	159	20	1	76	38	38.25	F#4	66	4	0.5	0.25	0	3	1		2
abe etude 25-1	160	20	1	76	38	38.5	C4	60	4	1	0	0	1	2		1
abe etude 25-1	161	20	1	76	38	38.5	A3	57	3	1	0	0.25	2	3		2
abe etude 25-1	162	20	1.5	76.5	38.25	38.5	G4	67	4	0.5	0.25	0.25	4	1		3
abe etude 25-1	163	21	2	77	38.5	39	E4	64	4	1	0.25	0	0	1		0
abe etude 25-1	164	21	2	77	38.5	40.5	E2	40	2	4	0	0.5	0	6		0
abe etude 25-1	165	21	3	78	39	39.5	B3	59	3	1	0.5	0	0	2		0
abe etude 25-1	166	21	3	78	39	39.5	G3	55	3	1	0	0.5	0	3		0
abe etude 25-1	167	21	4	79	39.5	40	B3	59	3	1	0.5	0	0	2		0
abe etude 25-1	168	21	4	79	39.5	40	G3	55	3	1	0	0.5	0	3		0
abe etude 25-1	169	21	1	80	40	40.5	E4	64	4	1	0.5	0.5	0	1		0
abe etude 25-1	170	22	2	81	40.5	41	F#4	66	4	1	0.5	0	3	1		2
abe etude 25-1	171	22	2	81	40.5	41.5	D#3	51	3	2	0	0.5	1	4		1
abe etude 25-1	172	22	3	82	41	41.5	F#4	66	4	1	0.5	0	3	1		2
abe etude 25-1	173	22	3	82	41	41.5	B3	59	3	1	0	0.5	0	2		0
abe etude 25-1	174	22	4	83	41.5	42	G4	67	4	1	0.5	0	4	1		3
abe etude 25-1	175	22	4	83	41.5	42.5	E3	52	3	2	0	0.5	2	4		2
abe etude 25-1	176	22	1	84	42	42.5	G4	67	4	1	0.5	0	4	1		3
abe etude 25-1	177	22	1	84	42	42.5	B3	59	3	1	0	0.5	0	2		0
abe etude 25-1	178	23	2	85	42.5	43.5	A4	69	4	2	0.5	0	4	1		5
abe etude 25-1	179	23	2	85	42.5	43.5	F#3	54	3	2	0	0.5	2	4		4
abe etude 25-1	180	23	3	86	43	43.5	B3	59	3	1	0.5	0.5	0	2		0
abe etude 25-1	181	23	4	87	43.5	44	F#4	66	4	1	0.5	0	3	1		2
abe etude 25-1	182	23	4	87	43.5	44.5	D#3	51	3	2	0	0.5	1	4		1
abe etude 25-1	183	23	1	88	44	44.5	F#4	66	4	1	0.5	0	3	1		2
abe etude 25-1	184	23	1	88	44	44.5	B3	59	3	1	0	0.5	0	2		0
abe etude 25-1	185	24	2	89	44.5	45	G4	67	4	1	0.5	0	3	1		3
abe etude 25-1	186	24	2	89	44.5	45.5	E3	52	3	2	0	0.5	1	4		2
abe etude 25-1	187	24	3	90	45	45.5	G4	67	4	1	0.5	0	3	1		3
abe etude 25-1	188	24	3	90	45	46	B3	59	3	2	0	0.5	0	2		0
abe etude 25-1	189	24	4	91	45.5	46	E4	64	4	1	0.5	0	0	1		0
abe etude 25-1	190	24	4	91	45.5	46.5	C3	48	3	2	0	0.5	2	5		3
abe etude 25-1	191	24	1	92	46	46.5	E4	64	4	1	0.5	0	0	1		0
abe etude 25-1	192	24	1	92	46	46.5	A#3	58	3	1	0	0.5	3	3		3
abe etude 25-1	193	25	2	93	46.5	47	D#4	63	4	1	0.5	0	4	2		4
abe etude 25-1	194	25	2	93	46.5	47	B2	47	2	1	0	0	1	5		2
abe etude 25-1	195	25	2	93	46.5	47	B3	59	3	1	0	0.5	3	3		4
abe etude 25-1	196	25	3	94	47	47.5	B3	59	3	1	0.5	0.5	3	3		4
abe etude 25-1	197	25	4	95	47.5	48	B2	47	2	1	0.5	0.5	1	5		2
abe etude 25-1	198	25	1	96	48	48.5	B3	59	3	1	0.5	0.5	0	2		0
abe etude 25-1	199	26	2	97	48.5	49	F#4	66	4	1	0.5	0	3	1		2
abe etude 25-1	200	26	2	97	48.5	50.5	D#3	51	3	4	0	0.5	1	4		1
abe etude 25-1	201	26	3	98	49	49.5	B3	59	3	1	0.5	0	0	2		0
abe etude 25-1	202	26	3	98	49	49.5	A3	57	3	1	0	0.5	2	3		2
abe etude 25-1	203	26	4	99	49.5	50	B3	59	3	1	0.5	0	0	2		0
abe etude 25-1	204	26	4	99	49.5	50	A3	57	3	1	0	0.5	2	3		2
abe etude 25-1	205	26	1	100	50	50.5	B3	59	3	1	0.5	0	0	2		0
abe etude 25-1	206	26	1	100	50	50.5	A3	57	3	1	0	0.5	2	3		2
abe etude 25-1	207	27	2	101	50.5	51.25	G4	67	4	1.5	0.5	0	4	1		3
abe etude 25-1	208	27	2	101	50.5	52.5	E3	52	3	4	0	0.5	1	4		2
abe etude 25-1	209	27	3	102	51	51.5	B3	59	3	1	0.5	0	0	2		0
abe etude 25-1	210	27	3	102	51	51.5	G3	55	3	1	0	0.25	0	3		0
abe etude 25-1	211	27	3.5	102.5	51.25	51.5	F#4	66	4	0.5	0.25	0.25	3	1		2
abe etude 25-1	212	27	4	103	51.5	52	E4	64	4	1	0.25	0	0	1		0
abe etude 25-1	213	27	4	103	51.5	52	B3	59	3	1	0	0	0	2		0
abe etude 25-1	214	27	4	103	51.5	52	G3	55	3	1	0	0.5	0	3		0
abe etude 25-1	215	27	1	104	52	52.5	E4	64	4	1	0.5	0	0	1		0
abe etude 25-1	216	27	1	104	52	52.5	B3	59	3	1	0	0	0	2		0
abe etude 25-1	217	27	1	104	52	52.5	G3	55	3	1	0	0.5	0	3		0
abe etude 25-1	218	28	2	105	52.5	53	F#4	66	4	1	0.5	0	3	1		2
abe etude 25-1	219	28	2	105	52.5	54.5	D#3	51	3	4	0	0.5	1	4		1
abe etude 25-1	220	28	3	106	53	53.5	B3	59	3	1	0.5	0	0	2		0
abe etude 25-1	221	28	3	106	53	53.5	A3	57	3	1	0	0.5	2	3		2
abe etude 25-1	222	28	4	107	53.5	54	B3	59	3	1	0.5	0	0	2		0
abe etude 25-1	223	28	4	107	53.5	54	A3	57	3	1	0	0.5	2	3		2
abe etude 25-1	224	28	1	108	54	54.5	B3	59	3	1	0.5	0	0	2		0
abe etude 25-1	225	28	1	108	54	54.5	A3	57	3	1	0	0.5	2	3		2
abe etude 25-1	226	29	2	109	54.5	55.25	G4	67	4	1.5	0.5	0	4	1		3
abe etude 25-1	227	29	2	109	54.5	56	E3	52	3	3	0	0.5	1	4		2
abe etude 25-1	228	29	3	110	55	56	B3	59	3	2	0.5	0	0	2		0
abe etude 25-1	229	29	3	110	55	56	G3	55	3	2	0	0.25	0	3		0
abe etude 25-1	230	29	3.5	110.5	55.25	55.5	F#4	66	4	0.5	0.25	0.25	3	1		2
abe etude 25-1	231	29	4	111	55.5	56	E4	64	4	1	0.25	0.5	0	1		0
abe etude 25-1	232	29	1	112	56	56.5	E4	64	4	1	0.5	0.5	0	1		0
abe etude 25-1	233	30	2	113	56.5	57	A4	69	4	1	0.5	0.5	4	1		5
abe etude 25-1	234	30	3	114	57	57.5	A4	69	4	1	0.5	0	4	1		5
abe etude 25-1	235	30	3	114	57	57.5	C4	60	4	1	0	0	2	3		5
abe etude 25-1	236	30	3	114	57	57.5	E4	64	4	1	0	0.5	3	2		5
abe etude 25-1	237	30	4	115	57.5	58	G4	67	4	1	0.5	0	1	1		3
abe etude 25-1	238	30	4	115	57.5	58	B3	59	3	1	0	0	2	3		4
abe etude 25-1	239	30	4	115	57.5	58	D4	62	4	1	0	0.5	1	2		3
abe etude 25-1	240	30	1	116	58	58.5	G4	67	4	1	0.5	0	1	1		3
abe etude 25-1	241	30	1	116	58	58.5	E2	40	2	1	0	0	0	6		0
abe etude 25-1	242	30	1	116	58	58.5	D4	62	4	1	0	0	1	2		3
abe etude 25-1	243	30	1	116	58	58.5	B3	59	3	1	0	0.5	2	3		4
abe etude 25-1	244	31	2	117	58.5	59.5	G4	67	4	2	0.5	0	4	1		3
abe etude 25-1	245	31	2	117	58.5	60	C4	60	4	3	0	0	1	2		1
abe etude 25-1	246	31	2	117	58.5	60	A3	57	3	3	0	0	2	3		2
abe etude 25-1	247	31	2	117	58.5	60	A2	45	2	3	0	1	0	5		0
abe etude 25-1	248	31	4	119	59.5	60	F#4	66	4	1	1	0.5	3	1		2
abe etude 25-1	249	31	1	120	60	60.5	E4	64	4	1	0.5	0.5	0	1		0
abe etude 25-1	250	32	2	121	60.5	61	D#4	63	4	1	0.5	0	4	2		4
abe etude 25-1	251	32	2	121	60.5	61.5	A3	57	3	2	0	0	1	3		2
abe etude 25-1	252	32	2	121	60.5	61.5	B2	47	2	2	0	0.5	1	5		2
abe etude 25-1	253	32	3	122	61	61.5	F#4	66	4	1	0.5	0.5	1	1		2
abe etude 25-1	254	32	4	123	61.5	62	D#4	63	4	1	0.5	0	4	2		4
abe etude 25-1	255	32	4	123	61.5	62.5	A3	57	3	2	0	0	1	3		2
abe etude 25-1	256	32	4	123	61.5	62.5	B2	47	2	2	0	0.5	1	5		2
abe etude 25-1	257	32	1	124	62	62.5	F#4	66	4	1	0.5	0.5	1	1		2
abe etude 25-1	258	33	2	125	62.5	63.5	E4	64	4	2	0.5	0	0	1		0
abe etude 25-1	259	33	2	125	62.5	63.5	G3	55	3	2	0	0.5	0	3		0
abe etude 25-1	260	33	3	126	63	63.5	E3	52	3	1	0.5	0.5	2	4		2
abe etude 25-1	261	33	4	127	63.5	64	E2	40	2	1	0.5	0.5	0	6		0
abe etude 25-1	262	33	1	128	64	64.5	D4	62	4	1	0.5	0	3	2		3
abe etude 25-2	0	1	1	0	0	0.5	E4	64	4	1	0	0	0	1		0
abe etude 25-2	1	1	1	0	0	1	E2	40	2	2	0	0.125	0	6		0
abe etude 25-2	2	1	1.25	0.25	0.125	0.25	B3	59	3	0.25	0.125	0.125	0	2		0
abe etude 25-2	3	1	1.5	0.5	0.25	0.375	G#3	56	3	0.25	0.125	0.125	1	3		1
abe etude 25-2	4	1	1.75	0.75	0.375	0.5	B3	59	3	0.25	0.125	0.125	0	2		0
abe etude 25-2	5	1	2	1	0.5	0.75	E4	64	4	0.5	0.125	0.125	0	1		0
abe etude 25-2	6	1	2.25	1.25	0.625	0.75	B3	59	3	0.25	0.125	0.125	0	2		0
abe etude 25-2	7	1	2.5	1.5	0.75	1	G#4	68	4	0.5	0.125	0.125	4	1		4
abe etude 25-2	8	1	2.75	1.75	0.875	1	B3	59	3	0.25	0.125	0.125	0	2		0
abe etude 25-2	9	2	3	2	1	1.5	E4	64	4	1	0.125	0.125	0	1		0
abe etude 25-2	10	2	3.25	2.25	1.125	1.25	B3	59	3	0.25	0.125	0.125	0	2		0
abe etude 25-2	11	2	3.5	2.5	1.25	1.375	G#3	56	3	0.25	0.125	0.125	1	3		1
abe etude 25-2	12	2	3.75	2.75	1.375	1.5	B3	59	3	0.25	0.125	0.125	0	2		0
abe etude 25-2	13	2	4	3	1.5	1.75	E4	64	4	0.5	0.125	0.125	0	1		0
abe etude 25-2	14	2	4.25	3.25	1.625	1.75	B3	59	3	0.25	0.125	0.125	0	2		0
abe etude 25-2	15	2	4.5	3.5	1.75	2	G#4	68	4	0.5	0.125	0.125	4	1		4
abe etude 25-2	16	2	4.75	3.75	1.875	2	B3	59	3	0.25	0.125	0.125	0	2		0
abe etude 25-2	17	3	1	4	2	2.5	E4	64	4	1	0.125	0.125	0	1		0
abe etude 25-2	18	3	1.25	4.25	2.125	2.25	E3	52	3	0.25	0.125	0.125	2	4		2
abe etude 25-2	19	3	1.5	4.5	2.25	2.375	G#3	56	3	0.25	0.125	0.125	1	3		1
abe etude 25-2	20	3	1.75	4.75	2.375	2.5	B3	59	3	0.25	0.125	0.125	0	2		0
abe etude 25-2	21	3	2	5	2.5	2.625	E4	64	4	0.25	0.125	0.125	0	1		0
abe etude 25-2	22	3	2.25	5.25	2.625	2.75	B3	59	3	0.25	0.125	0.125	0	2		0
abe etude 25-2	23	3	2.5	5.5	2.75	2.875	G#4	68	4	0.25	0.125	0.125	3	1		4
abe etude 25-2	24	3	2.75	5.75	2.875	3	E4	64	4	0.25	0.125	0.125	0	1		0
abe etude 25-2	25	4	3	6	3	3.125	A4	69	4	0.25	0.125	0.125	4	1		5
abe etude 25-2	26	4	3.25	6.25	3.125	3.25	F#4	66	4	0.25	0.125	0.125	1	1		2
abe etude 25-2	27	4	3.5	6.5	3.25	3.375	D#4	63	4	0.25	0.125	0.125	4	2		4
abe etude 25-2	28	4	3.75	6.75	3.375	3.5	B3	59	3	0.25	0.125	0.125	3	3		4
abe etude 25-2	29	4	4	7	3.5	3.75	A#3	58	3	0.5	0.125	0.125	2	3		3
abe etude 25-2	30	4	4.25	7.25	3.625	3.75	B3	59	3	0.25	0.125	0.125	0	2		0
abe etude 25-2	31	4	4.5	7.5	3.75	4	A3	57	3	0.5	0.125	0.125	2	3		2
abe etude 25-2	32	4	4.75	7.75	3.875	4	B3	59	3	0.25	0.125	0.125	0	2		0
abe etude 25-2	33	5	1	8	4	4.5	E4	64	4	1	0.125	0	0	1		0
abe etude 25-2	34	5	1	8	4	5	E2	40	2	2	0	0.125	0	6		0
abe etude 25-2	35	5	1.25	8.25	4.125	4.25	B3	59	3	0.25	0.125	0.125	0	2		0
abe etude 25-2	36	5	1.5	8.5	4.25	4.375	G#3	56	3	0.25	0.125	0.125	1	3		1
abe etude 25-2	37	5	1.75	8.75	4.375	4.5	B3	59	3	0.25	0.125	0.125	0	2		0
abe etude 25-2	38	5	2	9	4.5	4.75	E4	64	4	0.5	0.125	0.125	0	1		0
abe etude 25-2	39	5	2.25	9.25	4.625	4.75	B3	59	3	0.25	0.125	0.125	0	2		0
abe etude 25-2	40	5	2.5	9.5	4.75	5	G#4	68	4	0.5	0.125	0.125	4	1		4
abe etude 25-2	41	5	2.75	9.75	4.875	5	B3	59	3	0.25	0.125	0.125	0	2		0
abe etude 25-2	42	6	3	10	5	5.5	E4	64	4	1	0.125	0.125	0	1		0
abe etude 25-2	43	6	3.25	10.25	5.125	5.25	B3	59	3	0.25	0.125	0.125	0	2		0
abe etude 25-2	44	6	3.5	10.5	5.25	5.375	G#3	56	3	0.25	0.125	0.125	1	3		1
abe etude 25-2	45	6	3.75	10.75	5.375	5.5	B3	59	3	0.25	0.125	0.125	0	2		0
abe etude 25-2	46	6	4	11	5.5	5.625	E4	64	4	0.25	0.125	0.125	0	1		0
abe etude 25-2	47	6	4.25	11.25	5.625	5.75	B3	59	3	0.25	0.125	0.125	0	2		0
abe etude 25-2	48	6	4.5	11.5	5.75	5.875	G#4	68	4	0.25	0.125	0.125	4	1		4
abe etude 25-2	49	6	4.75	11.75	5.875	6	E4	64	4	0.25	0.125	0.125	0	1		0
abe etude 25-2	50	7	1	12	6	6.5	A2	45	2	1	0.125	0.125	0	5		0
abe etude 25-2	51	7	1.25	12.25	6.125	6.25	C#4	61	4	0.25	0.125	0.125	1	2		2
abe etude 25-2	52	7	1.5	12.5	6.25	6.375	A4	69	4	0.25	0.125	0.125	4	1		5
abe etude 25-2	53	7	1.75	12.75	6.375	6.5	F#4	66	4	0.25	0.125	0.125	1	1		2
abe etude 25-2	54	7	2	13	6.5	7	B2	47	2	1	0.125	0.125	1	5		2
abe etude 25-2	55	7	2.25	13.25	6.625	6.75	A3	57	3	0.25	0.125	0.125	1	3		2
abe etude 25-2	56	7	2.5	13.5	6.75	6.875	F#4	66	4	0.25	0.125	0.125	1	1		2
abe etude 25-2	57	7	2.75	13.75	6.875	7	D#4	63	4	0.25	0.125	0.125	4	2		4
abe etude 25-2	58	8	3	14	7	7.75	E2	40	2	1.5	0.125	0.125	0	6		0
abe etude 25-2	59	8	3.25	14.25	7.125	7.25	E4	64	4	0.25	0.125	0.125	0	1		0
abe etude 25-2	60	8	3.5	14.5	7.25	7.375	G#3	56	3	0.25	0.125	0.125	1	3		1
abe etude 25-2	61	8	3.75	14.75	7.375	7.5	B3	59	3	0.25	0.125	0.125	0	2		0
abe etude 25-2	62	8	4	15	7.5	7.75	E3	52	3	0.5	0.125	0.5	2	4		2
abe etude 25-2	63	9	1	16	8	8.5	F#4	66	4	1	0.5	0.125	1	1		2
abe etude 25-2	64	9	1.25	16.25	8.125	8.25	D#4	63	4	0.25	0.125	0.125	4	2		4
abe etude 25-2	65	9	1.5	16.5	8.25	8.375	B3	59	3	0.25	0.125	0.125	3	3		4
abe etude 25-2	66	9	1.75	16.75	8.375	8.5	D#4	63	4	0.25	0.125	0.125	4	2		4
abe etude 25-2	67	9	2	17	8.5	8.75	F#4	66	4	0.5	0.125	0.125	1	1		2
abe etude 25-2	68	9	2.25	17.25	8.625	8.75	D#4	63	4	0.25	0.125	0.125	4	2		4
abe etude 25-2	69	9	2.5	17.5	8.75	9	F#4	66	4	0.5	0.125	0.125	1	2		7
abe etude 25-2	70	9	2.75	17.75	8.875	9	D#4	63	4	0.25	0.125	0.125	4	2		4
abe etude 25-2	71	10	3	18	9	9.5	F#4	66	4	1	0.125	0.125	1	1		2
abe etude 25-2	72	10	3.25	18.25	9.125	9.25	E4	64	4	0.25	0.125	0.125	4	2		5
abe etude 25-2	73	10	3.5	18.5	9.25	9.375	A#3	58	3	0.25	0.125	0.125	2	3		3
abe etude 25-2	74	10	3.75	18.75	9.375	9.5	E4	64	4	0.25	0.125	0.125	4	2		5
abe etude 25-2	75	10	4	19	9.5	9.75	G#4	68	4	0.5	0.125	0.125	3	1		4
abe etude 25-2	76	10	4.25	19.25	9.625	9.75	E4	64	4	0.25	0.125	0.125	4	2		5
abe etude 25-2	77	10	4.5	19.5	9.75	10	F#4	66	4	0.5	0.125	0.125	1	1		2
abe etude 25-2	78	10	4.75	19.75	9.875	10	E4	64	4	0.25	0.125	0.125	4	2		5
abe etude 25-2	79	11	1	20	10	10.5	F#4	66	4	1	0.125	0.125	1	1		2
abe etude 25-2	80	11	1.25	20.25	10.125	10.25	D#4	63	4	0.25	0.125	0.125	4	2		4
abe etude 25-2	81	11	1.5	20.5	10.25	10.375	B3	59	3	0.25	0.125	0.125	3	3		4
abe etude 25-2	82	11	1.75	20.75	10.375	10.5	D#4	63	4	0.25	0.125	0.125	4	2		4
abe etude 25-2	83	11	2	21	10.5	10.75	F#4	66	4	0.5	0.125	0.125	1	1		2
abe etude 25-2	84	11	2.25	21.25	10.625	10.75	D#4	63	4	0.25	0.125	0.125	4	2		4
abe etude 25-2	85	11	2.5	21.5	10.75	11	F#4	66	4	0.5	0.125	0.125	1	1		2
abe etude 25-2	86	11	2.75	21.75	10.875	11	D#4	63	4	0.25	0.125	0.125	4	2		4
abe etude 25-2	87	12	3	22	11	11.5	F#4	66	4	1	0.125	0.125	1	1		2
abe etude 25-2	88	12	3.25	22.25	11.125	11.25	E4	64	4	0.25	0.125	0.125	4	2		5
abe etude 25-2	89	12	3.5	22.5	11.25	11.375	A#3	58	3	0.25	0.125	0.125	2	3		3
abe etude 25-2	90	12	3.75	22.75	11.375	11.5	E4	64	4	0.25	0.125	0.125	4	2		5
abe etude 25-2	91	12	4	23	11.5	11.75	G#4	68	4	0.5	0.125	0.125	3	1		4
abe etude 25-2	92	12	4.25	23.25	11.625	11.75	E4	64	4	0.25	0.125	0.125	4	2		5
abe etude 25-2	93	12	4.5	23.5	11.75	12	F#4	66	4	0.5	0.125	0.125	1	1		2
abe etude 25-2	94	12	4.75	23.75	11.875	12	E4	64	4	0.25	0.125	0.125	4	2		5
abe etude 25-2	95	13	1	24	12	12.5	F#4	66	4	1	0.125	0.125	1	1		2
abe etude 25-2	96	13	1.25	24.25	12.125	12.25	D#4	63	4	0.25	0.125	0.125	4	2		4
abe etude 25-2	97	13	1.5	24.5	12.25	12.375	B3	59	3	0.25	0.125	0.125	3	3		4
abe etude 25-2	98	13	1.75	24.75	12.375	12.5	D#4	63	4	0.25	0.125	0.125	4	2		4
abe etude 25-2	99	13	2	25	12.5	12.75	F#4	66	4	0.5	0.125	0.125	1	1		2
abe etude 25-2	100	13	2.25	25.25	12.625	12.75	D#4	63	4	0.25	0.125	0.125	4	2		4
abe etude 25-2	101	13	2.5	25.5	12.75	13	F#4	66	4	0.5	0.125	0.125	1	1		2
abe etude 25-2	102	13	2.75	25.75	12.875	13	D#4	63	4	0.25	0.125	0.125	4	2		4
abe etude 25-2	103	14	3	26	13	13.5	F#4	66	4	1	0.125	0.125	3	1		2
abe etude 25-2	104	14	3.25	26.25	13.125	13.25	B3	59	3	0.25	0.125	0.125	0	2		0
abe etude 25-2	105	14	3.5	26.5	13.25	13.375	G#3	56	3	0.25	0.125	0.125	1	3		1
abe etude 25-2	106	14	3.75	26.75	13.375	13.5	B3	59	3	0.25	0.125	0.125	0	2		0
abe etude 25-2	107	14	4	27	13.5	14	E#4	65	4	1	0.125	0.125	2	1		1
abe etude 25-2	108	14	4.25	27.25	13.625	13.75	B3	59	3	0.25	0.125	0.125	0	2		0
abe etude 25-2	109	14	4.5	27.5	13.75	13.875	G#3	56	3	0.25	0.125	0.125	1	3		1
abe etude 25-2	110	14	4.75	27.75	13.875	14	B3	59	3	0.25	0.125	0.125	0	2		0
abe etude 25-2	111	15	1	28	14	14.5	E4	64	4	1	0.125	0.125	0	1		0
abe etude 25-2	112	15	1.25	28.25	14.125	14.25	C#4	61	4	0.25	0.125	0.125	1	2		2
abe etude 25-2	113	15	1.5	28.5	14.25	14.375	A#3	58	3	0.25	0.125	0.125	2	3		3
abe etude 25-2	114	15	1.75	28.75	14.375	14.5	C#4	61	4	0.25	0.125	0.125	1	2		2
abe etude 25-2	115	15	2	29	14.5	14.75	E4	64	4	0.5	0.125	0.125	0	1		0
abe etude 25-2	116	15	2.25	29.25	14.625	14.75	C#4	61	4	0.25	0.125	0.125	1	2		2
abe etude 25-2	117	15	2.5	29.5	14.75	15	E4	64	4	0.5	0.125	0.125	0	1		0
abe etude 25-2	118	15	2.75	29.75	14.875	15	C#4	61	4	0.25	0.125	0.125	1	2		2
abe etude 25-2	119	16	3	30	15	15.5	E4	64	4	1	0.125	0.125	0	1		0
abe etude 25-2	120	16	3.25	30.25	15.125	15.25	A#3	58	3	0.25	0.125	0.125	1	3		3
abe etude 25-2	121	16	3.5	30.5	15.25	15.375	F##3	55	3	0.25	0.125	0.125	3	4		5
abe etude 25-2	122	16	3.75	30.75	15.375	15.5	A#3	58	3	0.25	0.125	0.125	1	3		3
abe etude 25-2	123	16	4	31	15.5	16	D#4	63	4	1	0.125	0.125	2	2		4
abe etude 25-2	124	16	4.25	31.25	15.625	15.75	A#3	58	3	0.25	0.125	0.125	1	3		3
abe etude 25-2	125	16	4.5	31.5	15.75	15.875	F##3	55	3	0.25	0.125	0.125	3	4		5
abe etude 25-2	126	16	4.75	31.75	15.875	16	A#3	58	3	0.25	0.125	0.125	1	3		3
abe etude 25-2	127	17	1	32	16	16.5	D#4	63	4	1	0.125	0.125	1	2		4
abe etude 25-2	128	17	1.25	32.25	16.125	16.25	B3	59	3	0.25	0.125	0.125	1	3		4
abe etude 25-2	129	17	1.5	32.5	16.25	16.375	G#3	56	3	0.25	0.125	0.125	3	4		6
abe etude 25-2	130	17	1.75	32.75	16.375	16.5	B3	59	3	0.25	0.125	0.125	1	3		4
abe etude 25-2	131	17	2	33	16.5	16.75	D#4	63	4	0.5	0.125	0.125	1	2		4
abe etude 25-2	132	17	2.25	33.25	16.625	16.75	B3	59	3	0.25	0.125	0.125	1	3		4
abe etude 25-2	133	17	2.5	33.5	16.75	17	D#4	63	4	0.5	0.125	0.125	1	2		4
abe etude 25-2	134	17	2.75	33.75	16.875	17	B3	59	3	0.25	0.125	0.125	1	3		4
abe etude 25-2	135	18	3	34	17	17.5	C#4	61	4	1	0.125	0.125	3	2		2
abe etude 25-2	136	18	3.25	34.25	17.125	17.25	G#3	56	3	0.25	0.125	0.125	1	3		1
abe etude 25-2	137	18	3.5	34.5	17.25	17.375	E3	52	3	0.25	0.125	0.125	2	4		2
abe etude 25-2	138	18	3.75	34.75	17.375	17.5	G#3	56	3	0.25	0.125	0.125	1	3		1
abe etude 25-2	139	18	4	35	17.5	18	E4	64	4	1	0.125	0.125	0	1		0
abe etude 25-2	140	18	4.25	35.25	17.625	17.75	C#4	61	4	0.25	0.125	0.125	3	2		2
abe etude 25-2	141	18	4.5	35.5	17.75	17.875	G#3	56	3	0.25	0.125	0.125	1	3		1
abe etude 25-2	142	18	4.75	35.75	17.875	18	C#4	61	4	0.25	0.125	0.125	3	2		2
abe etude 25-2	143	19	1	36	18	18.5	D#4	63	4	1	0.125	0.125	4	2		4
abe etude 25-2	144	19	1.25	36.25	18.125	18.25	F#3	54	3	0.25	0.125	0.125	2	4		4
abe etude 25-2	145	19	1.5	36.5	18.25	18.375	B3	59	3	0.25	0.125	0.125	3	3		4
abe etude 25-2	146	19	1.75	36.75	18.375	18.5	D#4	63	4	0.25	0.125	0.125	4	2		4
abe etude 25-2	147	19	2	37	18.5	18.75	E4	64	4	0.5	0.125	0.125	0	1		0
abe etude 25-2	148	19	2.25	37.25	18.625	18.75	F#3	54	3	0.25	0.125	0.125	3	4		4
abe etude 25-2	149	19	2.5	37.5	18.75	19	C#4	61	4	0.5	0.125	0	1	2		2
abe etude 25-2	150	19	2.5	37.5	18.75	18.875	A#3	58	3	0.25	0	0.125	2	3		3
abe etude 25-2	151	19	2.75	37.75	18.875	19	F#3	54	3	0.25	0.125	0.125	3	4		4
abe etude 25-2	152	20	3	38	19	19.25	B3	59	3	0.5	0.125	0.125	4	3		4
abe etude 25-2	153	20	3.25	38.25	19.125	19.25	B3	59	3	0.25	0.125	0.125	0	2		0
abe etude 25-2	154	20	3.5	38.5	19.25	19.5	B3	59	3	0.5	0.125	0.125	4	3		4
abe etude 25-2	155	20	3.75	38.75	19.375	19.5	B3	59	3	0.25	0.125	0.125	0	2		0
abe etude 25-2	156	20	4	39	19.5	19.75	A#3	58	3	0.5	0.125	0.125	3	3		3
abe etude 25-2	157	20	4.25	39.25	19.625	19.75	B3	59	3	0.25	0.125	0.125	0	2		0
abe etude 25-2	158	20	4.5	39.5	19.75	20	A3	57	3	0.5	0.125	0.125	2	3		2
abe etude 25-2	159	20	4.75	39.75	19.875	20	B3	59	3	0.25	0.125	0.125	0	2		0
abe etude 25-2	160	21	1	40	20	20.5	E4	64	4	1	0.125	0	0	1		0
abe etude 25-2	161	21	1	40	20	21	E2	40	2	2	0	0.125	0	6		0
abe etude 25-2	162	21	1.25	40.25	20.125	20.25	B3	59	3	0.25	0.125	0.125	0	2		0
abe etude 25-2	163	21	1.5	40.5	20.25	20.375	G#3	56	3	0.25	0.125	0.125	1	3		1
abe etude 25-2	164	21	1.75	40.75	20.375	20.5	B3	59	3	0.25	0.125	0.125	0	2		0
abe etude 25-2	165	21	2	41	20.5	20.75	E4	64	4	0.5	0.125	0.125	0	1		0
abe etude 25-2	166	21	2.25	41.25	20.625	20.75	B3	59	3	0.25	0.125	0.125	0	2		0
abe etude 25-2	167	21	2.5	41.5	20.75	21	G#4	68	4	0.5	0.125	0.125	4	1		4
abe etude 25-2	168	21	2.75	41.75	20.875	21	B3	59	3	0.25	0.125	0.125	0	2		0
abe etude 25-2	169	22	3	42	21	21.5	E4	64	4	1	0.125	0.125	0	1		0
abe etude 25-2	170	22	3.25	42.25	21.125	21.25	B3	59	3	0.25	0.125	0.125	0	2		0
abe etude 25-2	171	22	3.5	42.5	21.25	21.375	G#3	56	3	0.25	0.125	0.125	1	3		1
abe etude 25-2	172	22	3.75	42.75	21.375	21.5	B3	59	3	0.25	0.125	0.125	0	2		0
abe etude 25-2	173	22	4	43	21.5	21.75	E4	64	4	0.5	0.125	0.125	0	1		0
abe etude 25-2	174	22	4.25	43.25	21.625	21.75	B3	59	3	0.25	0.125	0.125	0	2		0
abe etude 25-2	175	22	4.5	43.5	21.75	22	G#4	68	4	0.5	0.125	0.125	4	1		4
abe etude 25-2	176	22	4.75	43.75	21.875	22	B3	59	3	0.25	0.125	0.125	0	2		0
abe etude 25-2	177	23	1	44	22	22.5	E4	64	4	1	0.125	0.125	0	1		0
abe etude 25-2	178	23	1.25	44.25	22.125	22.25	B3	59	3	0.25	0.125	0.125	0	2		0
abe etude 25-2	179	23	1.5	44.5	22.25	22.375	G#3	56	3	0.25	0.125	0.125	1	3		1
abe etude 25-2	180	23	1.75	44.75	22.375	22.5	B3	59	3	0.25	0.125	0.125	0	2		0
abe etude 25-2	181	23	2	45	22.5	22.625	E4	64	4	0.25	0.125	0.125	0	1		0
abe etude 25-2	182	23	2.25	45.25	22.625	22.75	G#4	68	4	0.25	0.125	0.125	1	1		4
abe etude 25-2	183	23	2.5	45.5	22.75	22.875	B4	71	4	0.25	0.125	0.125	4	1		7
abe etude 25-2	184	23	2.75	45.75	22.875	23	G#4	68	4	0.25	0.125	0.125	1	1		4
abe etude 25-2	185	24	3	46	23	23.125	A4	69	4	0.25	0.125	0.125	4	1		5
abe etude 25-2	186	24	3.25	46.25	23.125	23.25	F#4	66	4	0.25	0.125	0.125	1	1		2
abe etude 25-2	187	24	3.5	46.5	23.25	23.375	D#4	63	4	0.25	0.125	0.125	4	2		4
abe etude 25-2	188	24	3.75	46.75	23.375	23.5	B3	59	3	0.25	0.125	0.125	3	3		4
abe etude 25-2	189	24	4	47	23.5	23.75	A#3	58	3	0.5	0.125	0.125	2	3		3
abe etude 25-2	190	24	4.25	47.25	23.625	23.75	B3	59	3	0.25	0.125	0.125	0	2		0
abe etude 25-2	191	24	4.5	47.5	23.75	24	A3	57	3	0.5	0.125	0.125	2	3		2
abe etude 25-2	192	24	4.75	47.75	23.875	24	B3	59	3	0.25	0.125	0.125	0	2		0
abe etude 25-2	193	25	1	48	24	24.5	E4	64	4	1	0.125	0	0	1		0
abe etude 25-2	194	25	1	48	24	25	E2	40	2	2	0	0.125	0	6		0
abe etude 25-2	195	25	1.25	48.25	24.125	24.25	B3	59	3	0.25	0.125	0.125	0	2		0
abe etude 25-2	196	25	1.5	48.5	24.25	24.375	G#3	56	3	0.25	0.125	0.125	1	3		1
abe etude 25-2	197	25	1.75	48.75	24.375	24.5	B3	59	3	0.25	0.125	0.125	0	2		0
abe etude 25-2	198	25	2	49	24.5	24.75	E4	64	4	0.5	0.125	0.125	0	1		0
abe etude 25-2	199	25	2.25	49.25	24.625	24.75	B3	59	3	0.25	0.125	0.125	0	2		0
abe etude 25-2	200	25	2.5	49.5	24.75	25	G#4	68	4	0.5	0.125	0.125	4	1		4
abe etude 25-2	201	25	2.75	49.75	24.875	25	B3	59	3	0.25	0.125	0.125	0	2		0
abe etude 25-2	202	26	3	50	25	25.5	E4	64	4	1	0.125	0.125	0	1		0
abe etude 25-2	203	26	3.25	50.25	25.125	25.25	B3	59	3	0.25	0.125	0.125	0	2		0
abe etude 25-2	204	26	3.5	50.5	25.25	25.375	G#3	56	3	0.25	0.125	0.125	1	3		1
abe etude 25-2	205	26	3.75	50.75	25.375	25.5	B3	59	3	0.25	0.125	0.125	0	2		0
abe etude 25-2	206	26	4	51	25.5	25.625	E4	64	4	0.25	0.125	0.125	0	1		0
abe etude 25-2	207	26	4.25	51.25	25.625	25.75	B3	59	3	0.25	0.125	0.125	0	2		0
abe etude 25-2	208	26	4.5	51.5	25.75	25.875	G#4	68	4	0.25	0.125	0.125	4	1		4
abe etude 25-2	209	26	4.75	51.75	25.875	26	E4	64	4	0.25	0.125	0.125	0	1		0
abe etude 25-2	210	27	1	52	26	26.5	A2	45	2	1	0.125	0.125	0	5		0
abe etude 25-2	211	27	1.25	52.25	26.125	26.25	C#4	61	4	0.25	0.125	0.125	1	2		2
abe etude 25-2	212	27	1.5	52.5	26.25	26.375	A4	69	4	0.25	0.125	0.125	4	1		5
abe etude 25-2	213	27	1.75	52.75	26.375	26.5	F#4	66	4	0.25	0.125	0.125	1	1		2
abe etude 25-2	214	27	2	53	26.5	27	B2	47	2	1	0.125	0.125	1	5		2
abe etude 25-2	215	27	2.25	53.25	26.625	26.75	A3	57	3	0.25	0.125	0.125	1	3		2
abe etude 25-2	216	27	2.5	53.5	26.75	26.875	F#4	66	4	0.25	0.125	0.125	1	1		2
abe etude 25-2	217	27	2.75	53.75	26.875	27	D#4	63	4	0.25	0.125	0.125	4	2		4
abe etude 25-2	218	28	3	54	27	28	E2	40	2	2	0.125	0.125	0	6		0
abe etude 25-2	219	28	3.25	54.25	27.125	27.25	E4	64	4	0.25	0.125	0.125	0	1		0
abe etude 25-2	220	28	3.5	54.5	27.25	27.375	G#3	56	3	0.25	0.125	0.125	1	3		1
abe etude 25-2	221	28	3.75	54.75	27.375	27.5	B3	59	3	0.25	0.125	0.125	0	2		0
abe etude 25-2	222	28	4	55	27.5	28	E3	52	3	1	0.125	0	2	4		2
abe etude 25-3	0	0	1	0	0	0.25	E4	64	4	0.5	0	0.125	0	1		0
abe etude 25-3	1	0	1.25	0.25	0.125	0.25	B3	59	3	0.25	0.125	0.125	0	2		0
abe etude 25-3	2	0	1.5	0.5	0.25	0.375	G4	67	4	0.25	0.125	0	1	1		3
abe etude 25-3	3	0	1.5	0.5	0.25	0.375	E4	64	4	0.25	0	0.125	3	2		5
abe etude 25-3	4	0	1.75	0.75	0.375	0.5	A4	69	4	0.25	0.125	0	1	1		5
abe etude 25-3	5	0	1.75	0.75	0.375	0.5	F#4	66	4	0.25	0	0.125	3	2		7
abe etude 25-3	6	1	2	1	0.5	0.625	B4	71	4	0.25	0.125	0	1	1		7
abe etude 25-3	7	1	2	1	0.5	0.75	G4	67	4	0.5	0	0.125	2	2		8
abe etude 25-3	8	1	2.25	1.25	0.625	0.75	E4	64	4	0.25	0.125	0.125	0	1		0
abe etude 25-3	9	1	2.5	1.5	0.75	0.875	B4	71	4	0.25	0.125	0	1	1		7
abe etude 25-3	10	1	2.5	1.5	0.75	1	G4	67	4	0.5	0	0.125	2	2		8
abe etude 25-3	11	1	2.75	1.75	0.875	1	E4	64	4	0.25	0.125	0.125	0	1		0
abe etude 25-3	12	1	3	2	1	1.125	C5	72	5	0.25	0.125	0	1	1		8
abe etude 25-3	13	1	3	2	1	1.25	A4	69	4	0.5	0	0.125	3	2		10
abe etude 25-3	14	1	3.25	2.25	1.125	1.25	E4	64	4	0.25	0.125	0.125	0	1		0
abe etude 25-3	15	1	3.5	2.5	1.25	1.375	C5	72	5	0.25	0.125	0	1	1		8
abe etude 25-3	16	1	3.5	2.5	1.25	1.5	A4	69	4	0.5	0	0.125	3	2		10
abe etude 25-3	17	1	3.75	2.75	1.375	1.5	E4	64	4	0.25	0.125	0.125	0	1		0
abe etude 25-3	18	2	4	3	1.5	1.625	B4	71	4	0.25	0.125	0	1	1		7
abe etude 25-3	19	2	4	3	1.5	1.75	G4	67	4	0.5	0	0.125	2	2		8
abe etude 25-3	20	2	4.25	3.25	1.625	1.75	E4	64	4	0.25	0.125	0.125	0	1		0
abe etude 25-3	21	2	4.5	3.5	1.75	2	B4	71	4	0.5	0.125	0	1	1		7
abe etude 25-3	22	2	4.5	3.5	1.75	1.875	G4	67	4	0.25	0	0.125	2	2		8
abe etude 25-3	23	2	4.75	3.75	1.875	2	B3	59	3	0.25	0.125	0.125	0	2		0
abe etude 25-3	24	2	1	4	2	2.25	A4	69	4	0.5	0.125	0	1	1		5
abe etude 25-3	25	2	1	4	2	2.125	F#4	66	4	0.25	0	0.125	3	2		7
abe etude 25-3	26	2	1.25	4.25	2.125	2.25	B3	59	3	0.25	0.125	0.125	0	2		0
abe etude 25-3	27	2	1.5	4.5	2.25	2.375	B4	71	4	0.25	0.125	0	2	1		7
abe etude 25-3	28	2	1.5	4.5	2.25	2.375	G4	67	4	0.25	0	0.125	3	2		8
abe etude 25-3	29	2	1.75	4.75	2.375	2.5	A4	69	4	0.25	0.125	0	1	1		5
abe etude 25-3	30	2	1.75	4.75	2.375	2.5	F#4	66	4	0.25	0	0.125	3	2		7
abe etude 25-3	31	3	2	5	2.5	2.75	G4	67	4	0.5	0.125	0	1	1		3
abe etude 25-3	32	3	2	5	2.5	2.625	E4	64	4	0.25	0	0.125	3	2		5
abe etude 25-3	33	3	2.25	5.25	2.625	2.75	B3	59	3	0.25	0.125	0.125	0	2		0
abe etude 25-3	34	3	2.5	5.5	2.75	3	G4	67	4	0.5	0.125	0	1	1		3
abe etude 25-3	35	3	2.5	5.5	2.75	2.875	E4	64	4	0.25	0	0.125	3	2		5
abe etude 25-3	36	3	2.75	5.75	2.875	3	B3	59	3	0.25	0.125	0.125	0	2		0
abe etude 25-3	37	3	3	6	3	3.25	A4	69	4	0.5	0.125	0	1	1		5
abe etude 25-3	38	3	3	6	3	3.125	F#4	66	4	0.25	0	0.125	3	2		7
abe etude 25-3	39	3	3.25	6.25	3.125	3.25	B3	59	3	0.25	0.125	0.125	0	2		0
abe etude 25-3	40	3	3.5	6.5	3.25	3.5	G4	67	4	0.5	0.125	0	1	1		3
abe etude 25-3	41	3	3.5	6.5	3.25	3.375	E4	64	4	0.25	0	0.125	3	2		5
abe etude 25-3	42	3	3.75	6.75	3.375	3.5	B3	59	3	0.25	0.125	0.125	0	2		0
abe etude 25-3	43	4	4	7	3.5	4	F#4	66	4	1	0.125	0	1	1		2
abe etude 25-3	44	4	4	7	3.5	3.625	D#4	63	4	0.25	0	0.125	3	2		4
abe etude 25-3	45	4	4.25	7.25	3.625	3.75	B3	59	3	0.25	0.125	0.125	0	2		0
abe etude 25-3	46	4	4.5	7.5	3.75	3.875	D#4	63	4	0.25	0.125	0.125	3	2		4
abe etude 25-3	47	4	4.75	7.75	3.875	4	B3	59	3	0.25	0.125	0.125	0	2		0
abe etude 25-3	48	4	1	8	4	4.25	E4	64	4	0.5	0.125	0.125	0	1		0
abe etude 25-3	49	4	1.25	8.25	4.125	4.25	B3	59	3	0.25	0.125	0.125	0	2		0
abe etude 25-3	50	4	1.5	8.5	4.25	4.375	G4	67	4	0.25	0.125	0	1	1		3
abe etude 25-3	51	4	1.5	8.5	4.25	4.375	E4	64	4	0.25	0	0.125	3	2		5
abe etude 25-3	52	4	1.75	8.75	4.375	4.5	A4	69	4	0.25	0.125	0	1	1		5
abe etude 25-3	53	4	1.75	8.75	4.375	4.5	F#4	66	4	0.25	0	0.125	3	2		7
abe etude 25-3	54	5	2	9	4.5	4.625	B4	71	4	0.25	0.125	0	1	1		7
abe etude 25-3	55	5	2	9	4.5	4.75	G4	67	4	0.5	0	0.125	2	2		8
abe etude 25-3	56	5	2.25	9.25	4.625	4.75	E4	64	4	0.25	0.125	0.125	0	1		0
abe etude 25-3	57	5	2.5	9.5	4.75	4.875	B4	71	4	0.25	0.125	0	1	1		7
abe etude 25-3	58	5	2.5	9.5	4.75	5	G4	67	4	0.5	0	0.125	2	2		8
abe etude 25-3	59	5	2.75	9.75	4.875	5	E4	64	4	0.25	0.125	0.125	0	1		0
abe etude 25-3	60	5	3	10	5	5.125	C5	72	5	0.25	0.125	0	1	1		8
abe etude 25-3	61	5	3	10	5	5.25	A4	69	4	0.5	0	0.125	3	2		10
abe etude 25-3	62	5	3.25	10.25	5.125	5.25	E4	64	4	0.25	0.125	0.125	0	1		0
abe etude 25-3	63	5	3.5	10.5	5.25	5.375	C5	72	5	0.25	0.125	0	1	1		8
abe etude 25-3	64	5	3.5	10.5	5.25	5.5	A4	69	4	0.5	0	0.125	3	2		10
abe etude 25-3	65	5	3.75	10.75	5.375	5.5	E4	64	4	0.25	0.125	0.125	0	1		0
abe etude 25-3	66	6	4	11	5.5	5.625	B4	71	4	0.25	0.125	0	1	1		7
abe etude 25-3	67	6	4	11	5.5	5.75	G4	67	4	0.5	0	0.125	2	2		8
abe etude 25-3	68	6	4.25	11.25	5.625	5.75	E4	64	4	0.25	0.125	0.125	0	1		0
abe etude 25-3	69	6	4.5	11.5	5.75	6	B4	71	4	0.5	0.125	0	1	1		7
abe etude 25-3	70	6	4.5	11.5	5.75	5.875	G4	67	4	0.25	0	0.125	2	2		8
abe etude 25-3	71	6	4.75	11.75	5.875	6	B3	59	3	0.25	0.125	0.125	0	2		0
abe etude 25-3	72	6	1	12	6	6.25	A4	69	4	0.5	0.125	0	1	1		5
abe etude 25-3	73	6	1	12	6	6.125	F#4	66	4	0.25	0	0.125	3	2		7
abe etude 25-3	74	6	1.25	12.25	6.125	6.25	B3	59	3	0.25	0.125	0.125	0	2		0
abe etude 25-3	75	6	1.5	12.5	6.25	6.375	B4	71	4	0.25	0.125	0	2	1		7
abe etude 25-3	76	6	1.5	12.5	6.25	6.375	G4	67	4	0.25	0	0.125	3	2		8
abe etude 25-3	77	6	1.75	12.75	6.375	6.5	A4	69	4	0.25	0.125	0	1	1		5
abe etude 25-3	78	6	1.75	12.75	6.375	6.5	F#4	66	4	0.25	0	0.125	3	2		7
abe etude 25-3	79	7	2	13	6.5	6.75	G4	67	4	0.5	0.125	0	1	1		3
abe etude 25-3	80	7	2	13	6.5	6.625	E4	64	4	0.25	0	0.125	3	2		5
abe etude 25-3	81	7	2.25	13.25	6.625	6.75	B3	59	3	0.25	0.125	0.125	0	2		0
abe etude 25-3	82	7	2.5	13.5	6.75	7	G4	67	4	0.5	0.125	0	1	1		3
abe etude 25-3	83	7	2.5	13.5	6.75	6.875	E4	64	4	0.25	0	0.125	3	2		5
abe etude 25-3	84	7	2.75	13.75	6.875	7	B3	59	3	0.25	0.125	0.125	0	2		0
abe etude 25-3	85	7	3	14	7	7.25	F#4	66	4	0.5	0.125	0	1	1		2
abe etude 25-3	86	7	3	14	7	7.125	D#4	63	4	0.25	0	0.125	3	2		4
abe etude 25-3	87	7	3.25	14.25	7.125	7.25	B3	59	3	0.25	0.125	0.125	0	2		0
abe etude 25-3	88	7	3.5	14.5	7.25	7.5	F#4	66	4	0.5	0.125	0	1	1		2
abe etude 25-3	89	7	3.5	14.5	7.25	7.375	D#4	63	4	0.25	0	0.125	3	2		4
abe etude 25-3	90	7	3.75	14.75	7.375	7.5	B3	59	3	0.25	0.125	0.125	0	2		0
abe etude 25-3	91	8	4	15	7.5	7.625	E4	64	4	0.25	0.125	0.125	0	1		0
abe etude 25-3	92	8	4.25	15.25	7.625	7.75	B3	59	3	0.25	0.125	0.125	0	2		0
abe etude 25-3	93	8	4.5	15.5	7.75	8	E2	40	2	0.5	0.125	0.25	0	6		0
abe etude 25-3	94	9	1	16	8	8.25	B4	71	4	0.5	0.25	0	1	1		7
abe etude 25-3	95	9	1	16	8	8.125	G#4	68	4	0.25	0	0.125	3	2		9
abe etude 25-3	96	9	1.25	16.25	8.125	8.25	E4	64	4	0.25	0.125	0.125	0	1		0
abe etude 25-3	97	9	1.5	16.5	8.25	8.375	B4	71	4	0.25	0.125	0	1	1		7
abe etude 25-3	98	9	1.5	16.5	8.25	8.375	G#4	68	4	0.25	0	0.125	3	2		9
abe etude 25-3	99	9	1.75	16.75	8.375	8.5	B4	71	4	0.25	0.125	0	1	1		7
abe etude 25-3	100	9	1.75	16.75	8.375	8.5	G#4	68	4	0.25	0	0.125	3	2		9
abe etude 25-3	101	10	2	17	8.5	8.625	C5	72	5	0.25	0.125	0	1	1		8
abe etude 25-3	102	10	2	17	8.5	8.75	A4	69	4	0.5	0	0.125	3	2		10
abe etude 25-3	103	10	2.25	17.25	8.625	8.75	E4	64	4	0.25	0.125	0.125	0	1		0
abe etude 25-3	104	10	2.5	17.5	8.75	8.875	C5	72	5	0.25	0.125	0	1	1		8
abe etude 25-3	105	10	2.5	17.5	8.75	9	A4	69	4	0.5	0	0.125	3	2		10
abe etude 25-3	106	10	2.75	17.75	8.875	9	E4	64	4	0.25	0.125	0.125	0	1		0
abe etude 25-3	107	10	3	18	9	9.125	D5	74	5	0.25	0.125	0	1	1		10
abe etude 25-3	108	10	3	18	9	9.25	B4	71	4	0.5	0	0.125	3	2		12
abe etude 25-3	109	10	3.25	18.25	9.125	9.25	E4	64	4	0.25	0.125	0.125	0	1		0
abe etude 25-3	110	10	3.5	18.5	9.25	9.375	D5	74	5	0.25	0.125	0	1	1		10
abe etude 25-3	111	10	3.5	18.5	9.25	9.5	B4	71	4	0.5	0	0.125	3	2		12
abe etude 25-3	112	10	3.75	18.75	9.375	9.5	E4	64	4	0.25	0.125	0.125	0	1		0
abe etude 25-3	113	11	4	19	9.5	9.625	D5	74	5	0.25	0.125	0	1	1		10
abe etude 25-3	114	11	4	19	9.5	9.75	B4	71	4	0.5	0	0.125	3	2		12
abe etude 25-3	115	11	4.25	19.25	9.625	9.75	E4	64	4	0.25	0.125	0.125	0	1		0
abe etude 25-3	116	11	4.5	19.5	9.75	9.875	D5	74	5	0.25	0.125	0	1	1		10
abe etude 25-3	117	11	4.5	19.5	9.75	10	B4	71	4	0.5	0	0.125	3	2		12
abe etude 25-3	118	11	4.75	19.75	9.875	10	E4	64	4	0.25	0.125	0.125	0	1		0
abe etude 25-3	119	11	1	20	10	10.125	C5	72	5	0.25	0.125	0	1	1		8
abe etude 25-3	120	11	1	20	10	10.25	A4	69	4	0.5	0	0.125	3	2		10
abe etude 25-3	121	11	1.25	20.25	10.125	10.25	E4	64	4	0.25	0.125	0.125	0	1		0
abe etude 25-3	122	11	1.5	20.5	10.25	10.375	E5	76	5	0.25	0.125	0	2	1		12
abe etude 25-3	123	11	1.5	20.5	10.25	10.375	C5	72	5	0.25	0	0.125	3	2		13
abe etude 25-3	124	11	1.75	20.75	10.375	10.5	D5	74	5	0.25	0.125	0	1	1		10
abe etude 25-3	125	11	1.75	20.75	10.375	10.5	B4	71	4	0.25	0	0.125	3	2		12
abe etude 25-3	126	12	2	21	10.5	10.625	C5	72	5	0.25	0.125	0	1	1		8
abe etude 25-3	127	12	2	21	10.5	10.75	A4	69	4	0.5	0	0.125	3	2		10
abe etude 25-3	128	12	2.25	21.25	10.625	10.75	E4	64	4	0.25	0.125	0.125	0	1		0
abe etude 25-3	129	12	2.5	21.5	10.75	10.875	B4	71	4	0.25	0.125	0	1	1		7
abe etude 25-3	130	12	2.5	21.5	10.75	11	G4	67	4	0.5	0	0.125	2	2		8
abe etude 25-3	131	12	2.75	21.75	10.875	11	E4	64	4	0.25	0.125	0.125	0	1		0
abe etude 25-3	132	12	3	22	11	11.25	A4	69	4	0.5	0.125	0	1	1		5
abe etude 25-3	133	12	3	22	11	11.125	F#4	66	4	0.25	0	0.125	3	2		7
abe etude 25-3	134	12	3.25	22.25	11.125	11.25	B3	59	3	0.25	0.125	0.125	0	2		0
abe etude 25-3	135	12	3.5	22.5	11.25	11.5	G4	67	4	0.5	0.125	0	1	1		3
abe etude 25-3	136	12	3.5	22.5	11.25	11.375	E4	64	4	0.25	0	0.125	3	2		5
abe etude 25-3	137	12	3.75	22.75	11.375	11.5	B3	59	3	0.25	0.125	0.125	0	2		0
abe etude 25-3	138	13	4	23	11.5	12	F#4	66	4	1	0.125	0	1	1		2
abe etude 25-3	139	13	4	23	11.5	11.625	D#4	63	4	0.25	0	0.125	4	2		4
abe etude 25-3	140	13	4.25	23.25	11.625	11.75	B3	59	3	0.25	0.125	0.125	3	3		4
abe etude 25-3	141	13	4.5	23.5	11.75	11.875	A3	57	3	0.25	0.125	0.125	1	3		2
abe etude 25-3	142	13	4.75	23.75	11.875	12	B3	59	3	0.25	0.125	0.125	3	3		4
abe etude 25-3	143	13	1	24	12	12.25	E4	64	4	0.5	0.125	0	0	1		0
abe etude 25-3	144	13	1	24	12	12.125	G3	55	3	0.25	0	0.125	0	3		0
abe etude 25-3	145	13	1.25	24.25	12.125	12.25	B3	59	3	0.25	0.125	0.125	0	2		0
abe etude 25-3	146	13	1.5	24.5	12.25	12.375	G4	67	4	0.25	0.125	0	1	1		3
abe etude 25-3	147	13	1.5	24.5	12.25	12.375	E4	64	4	0.25	0	0.125	3	2		5
abe etude 25-3	148	13	1.75	24.75	12.375	12.5	A4	69	4	0.25	0.125	0	1	1		5
abe etude 25-3	149	13	1.75	24.75	12.375	12.5	F#4	66	4	0.25	0	0.125	3	2		7
abe etude 25-3	150	14	2	25	12.5	12.625	B4	71	4	0.25	0.125	0	1	1		7
abe etude 25-3	151	14	2	25	12.5	12.75	G4	67	4	0.5	0	0.125	2	2		8
abe etude 25-3	152	14	2.25	25.25	12.625	12.75	E4	64	4	0.25	0.125	0.125	0	1		0
abe etude 25-3	153	14	2.5	25.5	12.75	12.875	B4	71	4	0.25	0.125	0	1	1		7
abe etude 25-3	154	14	2.5	25.5	12.75	13	G4	67	4	0.5	0	0.125	2	2		8
abe etude 25-3	155	14	2.75	25.75	12.875	13	E4	64	4	0.25	0.125	0.125	0	1		0
abe etude 25-3	156	14	3	26	13	13.125	C5	72	5	0.25	0.125	0	1	1		8
abe etude 25-3	157	14	3	26	13	13.25	A4	69	4	0.5	0	0.125	3	2		10
abe etude 25-3	158	14	3.25	26.25	13.125	13.25	E4	64	4	0.25	0.125	0.125	0	1		0
abe etude 25-3	159	14	3.5	26.5	13.25	13.375	C5	72	5	0.25	0.125	0	1	1		8
abe etude 25-3	160	14	3.5	26.5	13.25	13.5	A4	69	4	0.5	0	0.125	3	2		10
abe etude 25-3	161	14	3.75	26.75	13.375	13.5	E4	64	4	0.25	0.125	0.125	0	1		0
abe etude 25-3	162	15	4	27	13.5	13.625	B4	71	4	0.25	0.125	0	1	1		7
abe etude 25-3	163	15	4	27	13.5	13.75	G4	67	4	0.5	0	0.125	2	2		8
abe etude 25-3	164	15	4.25	27.25	13.625	13.75	E4	64	4	0.25	0.125	0.125	0	1		0
abe etude 25-3	165	15	4.5	27.5	13.75	14	B4	71	4	0.5	0.125	0	1	1		7
abe etude 25-3	166	15	4.5	27.5	13.75	13.875	G4	67	4	0.25	0	0.125	2	2		8
abe etude 25-3	167	15	4.75	27.75	13.875	14	B3	59	3	0.25	0.125	0.125	0	2		0
abe etude 25-3	168	15	1	28	14	14.25	A4	69	4	0.5	0.125	0	1	1		5
abe etude 25-3	169	15	1	28	14	14.125	F#4	66	4	0.25	0	0.125	3	2		7
abe etude 25-3	170	15	1.25	28.25	14.125	14.25	B3	59	3	0.25	0.125	0.125	0	2		0
abe etude 25-3	171	15	1.5	28.5	14.25	14.375	B4	71	4	0.25	0.125	0	2	1		7
abe etude 25-3	172	15	1.5	28.5	14.25	14.375	G4	67	4	0.25	0	0.125	3	2		8
abe etude 25-3	173	15	1.75	28.75	14.375	14.5	A4	69	4	0.25	0.125	0	1	1		5
abe etude 25-3	174	15	1.75	28.75	14.375	14.5	F#4	66	4	0.25	0	0.125	3	2		7
abe etude 25-3	175	16	2	29	14.5	14.75	G4	67	4	0.5	0.125	0	1	1		3
abe etude 25-3	176	16	2	29	14.5	14.625	E4	64	4	0.25	0	0.125	3	2		5
abe etude 25-3	177	16	2.25	29.25	14.625	14.75	B3	59	3	0.25	0.125	0.125	0	2		0
abe etude 25-3	178	16	2.5	29.5	14.75	15	G4	67	4	0.5	0.125	0	1	1		3
abe etude 25-3	179	16	2.5	29.5	14.75	14.875	E4	64	4	0.25	0	0.125	3	2		5
abe etude 25-3	180	16	2.75	29.75	14.875	15	B3	59	3	0.25	0.125	0.125	0	2		0
abe etude 25-3	181	16	3	30	15	15.25	F#4	66	4	0.5	0.125	0	1	1		2
abe etude 25-3	182	16	3	30	15	15.125	D#4	63	4	0.25	0	0.125	3	2		4
abe etude 25-3	183	16	3.25	30.25	15.125	15.25	B3	59	3	0.25	0.125	0.125	0	2		0
abe etude 25-3	184	16	3.5	30.5	15.25	15.5	F#4	66	4	0.5	0.125	0	1	1		2
abe etude 25-3	185	16	3.5	30.5	15.25	15.375	D#4	63	4	0.25	0	0.125	3	2		4
abe etude 25-3	186	16	3.75	30.75	15.375	15.5	B3	59	3	0.25	0.125	0.125	0	2		0
abe etude 25-3	187	17	4	31	15.5	15.625	E4	64	4	0.25	0.125	0.125	0	1		0
abe etude 25-3	188	17	4.25	31.25	15.625	15.75	B3	59	3	0.25	0.125	0.125	0	2		0
abe etude 25-3	189	17	4.5	31.5	15.75	16	G3	55	3	0.5	0.125	0	0	3		0
abe etude 25-3	190	17	4.5	31.5	15.75	16	E2	40	2	0.5	0	0	0	6		0
abe etude 25-4	0	0	1	0	0	0.25	C4	60	4	0.5	0	1	1	2		1
abe etude 25-4	1	1	3	2	1	1.25	A3	57	3	0.5	1	0.125	2	3		2
abe etude 25-4	2	1	3.25	2.25	1.125	1.25	C4	60	4	0.25	0.125	0.125	1	2		1
abe etude 25-4	3	1	3.5	2.5	1.25	1.5	F3	53	3	0.5	0.125	0.125	3	4		3
abe etude 25-4	4	1	3.75	2.75	1.375	1.5	C4	60	4	0.25	0.125	0.125	1	2		1
abe etude 25-4	5	1	4	3	1.5	2	E3	52	3	1	0.125	0.125	2	4		2
abe etude 25-4	6	1	4.25	3.25	1.625	1.75	C4	60	4	0.25	0.125	0.125	1	2		1
abe etude 25-4	7	1	4.5	3.5	1.75	1.875	B-3	58	3	0.25	0.125	0.125	3	3		3
abe etude 25-4	8	1	4.75	3.75	1.875	2	G3	55	3	0.25	0.125	0.125	0	3		0
abe etude 25-4	9	2	1	4	2	2.5	F3	53	3	1	0.125	0.125	3	4		3
abe etude 25-4	10	2	1.25	4.25	2.125	2.25	A3	57	3	0.25	0.125	0.125	2	3		2
abe etude 25-4	11	2	1.5	4.5	2.25	2.375	C4	60	4	0.25	0.125	0.125	1	2		1
abe etude 25-4	12	2	1.75	4.75	2.375	2.5	F4	65	4	0.25	0.125	0.125	1	1		1
abe etude 25-4	13	2	2	5	2.5	2.625	A4	69	4	0.25	0.125	0.125	1	1		5
abe etude 25-4	14	2	2.25	5.25	2.625	2.75	F4	65	4	0.25	0.125	0.125	2	2		6
abe etude 25-4	15	2	2.5	5.5	2.75	2.875	C4	60	4	0.25	0.125	0.125	1	3		5
abe etude 25-4	16	2	2.75	5.75	2.875	3	A3	57	3	0.25	0.125	0.125	3	4		7
abe etude 25-4	17	3	3	6	3	3.25	B-3	58	3	0.5	0.125	0.125	3	4		8
abe etude 25-4	18	3	3.25	6.25	3.125	3.25	D4	62	4	0.25	0.125	0.125	2	3		7
abe etude 25-4	19	3	3.5	6.5	3.25	3.5	A3	57	3	0.5	0.125	0.125	3	4		7
abe etude 25-4	20	3	3.75	6.75	3.375	3.5	C4	60	4	0.25	0.125	0.125	1	3		5
abe etude 25-4	21	3	4	7	3.5	3.75	G3	55	3	0.5	0.125	0.125	3	4		5
abe etude 25-4	22	3	4.25	7.25	3.625	3.75	B-3	58	3	0.25	0.125	0.125	1	3		3
abe etude 25-4	23	3	4.5	7.5	3.75	4	F3	53	3	0.5	0.125	0.125	3	4		3
abe etude 25-4	24	3	4.75	7.75	3.875	4	A3	57	3	0.25	0.125	0.125	2	3		2
abe etude 25-4	25	4	1	8	4	4.25	E3	52	3	0.5	0.125	0.125	2	4		2
abe etude 25-4	26	4	1.25	8.25	4.125	4.25	G3	55	3	0.25	0.125	0.125	0	3		0
abe etude 25-4	27	4	1.5	8.5	4.25	4.5	D3	50	3	0.5	0.125	0.125	0	4		0
abe etude 25-4	28	4	1.75	8.75	4.375	4.5	B3	59	3	0.25	0.125	0.125	0	2		0
abe etude 25-4	29	4	2	9	4.5	5	C3	48	3	1	0.125	0.25	3	5		3
abe etude 25-4	30	4	2.5	9.5	4.75	5	C4	60	4	0.5	0.25	0.25	1	2		1
abe etude 25-4	31	5	3	10	5	5.25	A3	57	3	0.5	0.25	0.125	2	3		2
abe etude 25-4	32	5	3.25	10.25	5.125	5.25	C4	60	4	0.25	0.125	0.125	1	2		1
abe etude 25-4	33	5	3.5	10.5	5.25	5.5	F3	53	3	0.5	0.125	0.125	3	4		3
abe etude 25-4	34	5	3.75	10.75	5.375	5.5	C4	60	4	0.25	0.125	0.125	1	2		1
abe etude 25-4	35	5	4	11	5.5	5.75	G3	55	3	0.5	0.125	0.125	0	3		0
abe etude 25-4	36	5	4.25	11.25	5.625	5.75	C4	60	4	0.25	0.125	0.125	1	2		1
abe etude 25-4	37	5	4.5	11.5	5.75	6	E3	52	3	0.5	0.125	0.125	2	4		2
abe etude 25-4	38	5	4.75	11.75	5.875	6	C4	60	4	0.25	0.125	0.125	1	2		1
abe etude 25-4	39	6	1	12	6	6.5	F3	53	3	1	0.125	0.125	3	4		3
abe etude 25-4	40	6	1.25	12.25	6.125	6.25	A3	57	3	0.25	0.125	0.125	2	3		2
abe etude 25-4	41	6	1.5	12.5	6.25	6.375	C4	60	4	0.25	0.125	0.125	1	2		1
abe etude 25-4	42	6	1.75	12.75	6.375	6.5	F4	65	4	0.25	0.125	0.125	1	1		1
abe etude 25-4	43	6	2	13	6.5	6.625	A4	69	4	0.25	0.125	0.125	4	1		5
abe etude 25-4	44	6	2.25	13.25	6.625	6.75	G4	67	4	0.25	0.125	0.125	2	1		3
abe etude 25-4	45	6	2.5	13.5	6.75	6.875	F4	65	4	0.25	0.125	0	1	1		1
abe etude 25-4	46	6	2.5	13.5	6.75	7	A2	45	2	0.5	0	0.125	0	5		0
abe etude 25-4	47	6	2.75	13.75	6.875	7	E4	64	4	0.25	0.125	0.125	0	1		0
abe etude 25-4	48	7	3	14	7	7.125	D4	62	4	0.25	0.125	0	4	2		3
abe etude 25-4	49	7	3	14	7	7.75	B-2	46	2	1.5	0	0.125	1	5		1
abe etude 25-4	50	7	3.25	14.25	7.125	7.25	C4	60	4	0.25	0.125	0.125	2	2		1
abe etude 25-4	51	7	3.5	14.5	7.25	7.375	B-3	58	3	0.25	0.125	0.125	4	3		3
abe etude 25-4	52	7	3.75	14.75	7.375	7.5	A3	57	3	0.25	0.125	0.125	2	3		2
abe etude 25-4	53	7	4	15	7.5	7.625	G3	55	3	0.25	0.125	0.125	0	3		0
abe etude 25-4	54	7	4.25	15.25	7.625	7.75	B-3	58	3	0.25	0.125	0.125	4	3		3
abe etude 25-4	55	7	4.5	15.5	7.75	7.875	E3	52	3	0.25	0.125	0	2	4		2
abe etude 25-4	56	7	4.5	15.5	7.75	8	C3	48	3	0.5	0	0.125	3	5		3
abe etude 25-4	57	7	4.75	15.75	7.875	8	G3	55	3	0.25	0.125	0.125	0	3		0
abe etude 25-4	58	8	1	16	8	8.125	F3	53	3	0.25	0.125	0	3	4		3
abe etude 25-4	59	8	1	16	8	8.5	F2	41	2	1	0	0.125	1	6		1
abe etude 25-4	60	8	1.25	16.25	8.125	8.25	A3	57	3	0.25	0.125	0.125	2	3		2
abe etude 25-4	61	8	1.5	16.5	8.25	8.375	C4	60	4	0.25	0.125	0.125	1	2		1
abe etude 25-4	62	8	1.75	16.75	8.375	8.5	F4	65	4	0.25	0.125	0.125	1	1		1
abe etude 25-4	63	8	2	17	8.5	9	F3	53	3	1	0.125	0.25	3	4		3
abe etude 25-4	64	8	2.5	17.5	8.75	9	F4	65	4	0.5	0.25	0.25	1	1		1
abe etude 25-4	65	9	3	18	9	9.75	D4	62	4	1.5	0.25	0	4	2		3
abe etude 25-4	66	9	3	18	9	9.75	B-3	58	3	1.5	0	0.125	3	3		3
abe etude 25-4	67	9	3.25	18.25	9.125	9.25	F4	65	4	0.25	0.125	0.125	1	1		1
abe etude 25-4	68	9	3.5	18.5	9.25	9.5	F3	53	3	0.5	0.125	0.125	2	4		3
abe etude 25-4	69	9	3.75	18.75	9.375	9.5	F4	65	4	0.25	0.125	0.125	1	1		1
abe etude 25-4	70	9	4	19	9.5	10	F2	41	2	1	0.125	0.25	1	6		1
abe etude 25-4	71	9	4.5	19.5	9.75	10	D4	62	4	0.5	0.25	0	4	2		3
abe etude 25-4	72	9	4.5	19.5	9.75	10	B-3	58	3	0.5	0	0.25	3	3		3
abe etude 25-4	73	10	1	20	10	10.75	C4	60	4	1.5	0.25	0	1	2		1
abe etude 25-4	74	10	1	20	10	10.75	A3	57	3	1.5	0	0.125	2	3		2
abe etude 25-4	75	10	1.25	20.25	10.125	10.25	F4	65	4	0.25	0.125	0.125	1	1		1
abe etude 25-4	76	10	1.5	20.5	10.25	10.5	F3	53	3	0.5	0.125	0.125	3	4		3
abe etude 25-4	77	10	1.75	20.75	10.375	10.5	F4	65	4	0.25	0.125	0.125	1	1		1
abe etude 25-4	78	10	2	21	10.5	11	F2	41	2	1	0.125	0.25	1	6		1
abe etude 25-4	79	10	2.5	21.5	10.75	11	F4	65	4	0.5	0.25	0	1	1		1
abe etude 25-4	80	10	2.5	21.5	10.75	11	A3	57	3	0.5	0	0.25	2	3		2
abe etude 25-4	81	11	3	22	11	11.75	D4	62	4	1.5	0.25	0	4	2		3
abe etude 25-4	82	11	3	22	11	11.75	B-3	58	3	1.5	0	0.125	3	3		3
abe etude 25-4	83	11	3.25	22.25	11.125	11.25	F4	65	4	0.25	0.125	0.125	1	1		1
abe etude 25-4	84	11	3.5	22.5	11.25	11.5	F3	53	3	0.5	0.125	0.125	2	4		3
abe etude 25-4	85	11	3.75	22.75	11.375	11.5	F4	65	4	0.25	0.125	0.125	1	1		1
abe etude 25-4	86	11	4	23	11.5	12	F2	41	2	1	0.125	0.25	1	6		1
abe etude 25-4	87	11	4.5	23.5	11.75	12	D4	62	4	0.5	0.25	0	4	2		3
abe etude 25-4	88	11	4.5	23.5	11.75	12	B-3	58	3	0.5	0	0.25	3	3		3
abe etude 25-4	89	12	1	24	12	12.75	C4	60	4	1.5	0.25	0	1	2		1
abe etude 25-4	90	12	1	24	12	12.75	A3	57	3	1.5	0	0.125	2	3		2
abe etude 25-4	91	12	1.25	24.25	12.125	12.25	F4	65	4	0.25	0.125	0.125	1	1		1
abe etude 25-4	92	12	1.5	24.5	12.25	12.5	F3	53	3	0.5	0.125	0.125	3	4		3
abe etude 25-4	93	12	1.75	24.75	12.375	12.5	F4	65	4	0.25	0.125	0.125	1	1		1
abe etude 25-4	94	12	2	25	12.5	13	F2	41	2	1	0.125	0.25	1	6		1
abe etude 25-4	95	12	2.5	25.5	12.75	13	C4	60	4	0.5	0.25	0.25	1	2		1
abe etude 25-4	96	13	3	26	13	13.125	B3	59	3	0.25	0.25	0	0	2		0
abe etude 25-4	97	13	3	26	13	13.5	G2	43	2	1	0	0.125	3	6		3
abe etude 25-4	98	13	3.25	26.25	13.125	13.25	G3	55	3	0.25	0.125	0.125	0	3		0
abe etude 25-4	99	13	3.5	26.5	13.25	13.375	F4	65	4	0.25	0.125	0.125	1	1		1
abe etude 25-4	100	13	3.75	26.75	13.375	13.5	D4	62	4	0.25	0.125	0.125	4	2		3
abe etude 25-4	101	13	4	27	13.5	13.625	B3	59	3	0.25	0.125	0.125	0	2		0
abe etude 25-4	102	13	4.25	27.25	13.625	13.75	G3	55	3	0.25	0.125	0.125	0	3		0
abe etude 25-4	103	13	4.5	27.5	13.75	13.875	F3	53	3	0.25	0.125	0	3	4		3
abe etude 25-4	104	13	4.5	27.5	13.75	14	B2	47	2	0.5	0	0.125	1	5		2
abe etude 25-4	105	13	4.75	27.75	13.875	14	G3	55	3	0.25	0.125	0.125	0	3		0
abe etude 25-4	106	14	1	28	14	14.125	E3	52	3	0.25	0.125	0	2	4		2
abe etude 25-4	107	14	1	28	14	14.75	C3	48	3	1.5	0	0.125	3	5		3
abe etude 25-4	108	14	1.25	28.25	14.125	14.25	G3	55	3	0.25	0.125	0.125	0	3		0
abe etude 25-4	109	14	1.5	28.5	14.25	14.375	C4	60	4	0.25	0.125	0.125	1	2		1
abe etude 25-4	110	14	1.75	28.75	14.375	14.5	E4	64	4	0.25	0.125	0.125	0	1		0
abe etude 25-4	111	14	2	29	14.5	14.75	G4	67	4	0.5	0.125	0.25	4	1		3
abe etude 25-4	112	14	2.5	29.5	14.75	15	C4	60	4	0.5	0.25	0	1	2		1
abe etude 25-4	113	14	2.5	29.5	14.75	15	E3	52	3	0.5	0	0.25	2	4		2
abe etude 25-4	114	15	3	30	15	15.125	C4	60	4	0.25	0.25	0	1	2		1
abe etude 25-4	115	15	3	30	15	15.75	D3	50	3	1.5	0	0.125	0	4		0
abe etude 25-4	116	15	3.25	30.25	15.125	15.25	B3	59	3	0.25	0.125	0.125	0	2		0
abe etude 25-4	117	15	3.5	30.5	15.25	15.375	G4	67	4	0.25	0.125	0.125	4	1		3
abe etude 25-4	118	15	3.75	30.75	15.375	15.5	F4	65	4	0.25	0.125	0.125	1	1		1
abe etude 25-4	119	15	4	31	15.5	15.625	D4	62	4	0.25	0.125	0.125	4	2		3
abe etude 25-4	120	15	4.25	31.25	15.625	15.75	B3	59	3	0.25	0.125	0.125	0	2		0
abe etude 25-4	121	15	4.5	31.5	15.75	15.875	G3	55	3	0.25	0.125	0	0	3		0
abe etude 25-4	122	15	4.5	31.5	15.75	16	B2	47	2	0.5	0	0.125	2	5		2
abe etude 25-4	123	15	4.75	31.75	15.875	16	F3	53	3	0.25	0.125	0.125	4	4		3
abe etude 25-4	124	16	1	32	16	16.125	E3	52	3	0.25	0.125	0	2	4		2
abe etude 25-4	125	16	1	32	16	16.5	C3	48	3	1	0	0.125	3	5		3
abe etude 25-4	126	16	1.25	32.25	16.125	16.25	G3	55	3	0.25	0.125	0.125	0	3		0
abe etude 25-4	127	16	1.5	32.5	16.25	16.375	C4	60	4	0.25	0.125	0.125	1	2		1
abe etude 25-4	128	16	1.75	32.75	16.375	16.5	E4	64	4	0.25	0.125	0.125	0	1		0
abe etude 25-4	129	16	2	33	16.5	16.75	G4	67	4	0.5	0.125	0.25	4	1		3
abe etude 25-4	130	16	2.5	33.5	16.75	17	G4	67	4	0.5	0.25	0.25	4	1		3
abe etude 25-4	131	17	3	34	17	17.25	A3	57	3	0.5	0.25	0.125	2	3		2
abe etude 25-4	132	17	3.25	34.25	17.125	17.25	F4	65	4	0.25	0.125	0.125	1	1		1
abe etude 25-4	133	17	3.5	34.5	17.25	17.5	G3	55	3	0.5	0.125	0.125	0	3		0
abe etude 25-4	134	17	3.75	34.75	17.375	17.5	E4	64	4	0.25	0.125	0.125	0	1		0
abe etude 25-4	135	17	4	35	17.5	17.75	F3	53	3	0.5	0.125	0.125	3	4		3
abe etude 25-4	136	17	4.25	35.25	17.625	17.75	D4	62	4	0.25	0.125	0.125	4	2		3
abe etude 25-4	137	17	4.5	35.5	17.75	18	E3	52	3	0.5	0.125	0.125	1	4		2
abe etude 25-4	138	17	4.75	35.75	17.875	18	C#4	61	4	0.25	0.125	0.125	2	2		2
abe etude 25-4	139	18	1	36	18	18.25	G3	55	3	0.5	0.125	0.125	0	3		0
abe etude 25-4	140	18	1.25	36.25	18.125	18.25	E4	64	4	0.25	0.125	0.125	0	1		0
abe etude 25-4	141	18	1.5	36.5	18.25	18.5	F3	53	3	0.5	0.125	0.125	3	4		3
abe etude 25-4	142	18	1.75	36.75	18.375	18.5	D4	62	4	0.25	0.125	0.125	4	2		3
abe etude 25-4	143	18	2	37	18.5	18.75	A3	57	3	0.5	0.125	0.125	2	3		2
abe etude 25-4	144	18	2.25	37.25	18.625	18.75	F4	65	4	0.25	0.125	0.125	1	1		1
abe etude 25-4	145	18	2.5	37.5	18.75	19	F3	53	3	0.5	0.125	0.125	3	4		3
abe etude 25-4	146	18	2.75	37.75	18.875	19	D4	62	4	0.25	0.125	0.125	4	2		3
abe etude 25-4	147	19	3	38	19	19.25	E3	52	3	0.5	0.125	0.125	2	4		2
abe etude 25-4	148	19	3.25	38.25	19.125	19.25	C4	60	4	0.25	0.125	0.125	1	2		1
abe etude 25-4	149	19	3.5	38.5	19.25	19.5	G3	55	3	0.5	0.125	0.125	0	3		0
abe etude 25-4	150	19	3.75	38.75	19.375	19.5	E4	64	4	0.25	0.125	0.125	0	1		0
abe etude 25-4	151	19	4	39	19.5	19.75	F3	53	3	0.5	0.125	0.125	3	4		3
abe etude 25-4	152	19	4.25	39.25	19.625	19.75	D4	62	4	0.25	0.125	0.125	4	2		3
abe etude 25-4	153	19	4.5	39.5	19.75	20	G3	55	3	0.5	0.125	0.125	0	3		0
abe etude 25-4	154	19	4.75	39.75	19.875	20	B3	59	3	0.25	0.125	0.125	0	2		0
abe etude 25-4	155	20	1	40	20	20.25	E3	52	3	0.5	0.125	0.125	2	4		2
abe etude 25-4	156	20	1.25	40.25	20.125	20.25	C4	60	4	0.25	0.125	0.125	1	2		1
abe etude 25-4	157	20	1.5	40.5	20.25	20.5	G3	55	3	0.5	0.125	0.125	0	3		0
abe etude 25-4	158	20	1.75	40.75	20.375	20.5	E4	64	4	0.25	0.125	0.125	0	1		0
abe etude 25-4	159	20	2	41	20.5	21	C3	48	3	1	0.125	0.25	3	5		3
abe etude 25-4	160	20	2.5	41.5	20.75	21	C4	60	4	0.5	0.25	0.25	1	2		1
abe etude 25-4	161	21	3	42	21	21.5	E4	64	4	1	0.25	0.125	0	1		0
abe etude 25-4	162	21	3.25	42.25	21.125	21.25	C4	60	4	0.25	0.125	0.125	1	2		1
abe etude 25-4	163	21	3.5	42.5	21.25	21.5	G3	55	3	0.5	0.125	0.125	0	3		0
abe etude 25-4	164	21	3.75	42.75	21.375	21.5	C4	60	4	0.25	0.125	0.125	1	2		1
abe etude 25-4	165	21	4	43	21.5	22	B-3	58	3	1	0.125	0.125	3	3		3
abe etude 25-4	166	21	4.25	43.25	21.625	21.75	C4	60	4	0.25	0.125	0.125	1	2		1
abe etude 25-4	167	21	4.5	43.5	21.75	22	G4	67	4	0.5	0.125	0.125	4	1		3
abe etude 25-4	168	21	4.75	43.75	21.875	22	C4	60	4	0.25	0.125	0.125	1	2		1
abe etude 25-4	169	22	1	44	22	22.5	F4	65	4	1	0.125	0.125	1	1		1
abe etude 25-4	170	22	1.25	44.25	22.125	22.25	C4	60	4	0.25	0.125	0.125	1	2		1
abe etude 25-4	171	22	1.5	44.5	22.25	22.5	A3	57	3	0.5	0.125	0.125	2	3		2
abe etude 25-4	172	22	1.75	44.75	22.375	22.5	C4	60	4	0.25	0.125	0.125	1	2		1
abe etude 25-4	173	22	2	45	22.5	22.75	F3	53	3	0.5	0.125	0.125	3	4		3
abe etude 25-4	174	22	2.25	45.25	22.625	22.75	C4	60	4	0.25	0.125	0.125	1	2		1
abe etude 25-4	175	22	2.5	45.5	22.75	23	A3	57	3	0.5	0.125	0.125	2	3		2
abe etude 25-4	176	22	2.75	45.75	22.875	23	C4	60	4	0.25	0.125	0.125	1	2		1
abe etude 25-4	177	23	3	46	23	23.125	B-3	58	3	0.25	0.125	0	4	3		3
abe etude 25-4	178	23	3	46	23	24.5	C3	48	3	3	0	0.125	3	5		3
abe etude 25-4	179	23	3.25	46.25	23.125	23.25	C4	60	4	0.25	0.125	0.125	1	2		1
abe etude 25-4	180	23	3.5	46.5	23.25	23.375	G3	55	3	0.25	0.125	0.125	0	3		0
abe etude 25-4	181	23	3.75	46.75	23.375	23.5	C4	60	4	0.25	0.125	0.125	1	2		1
abe etude 25-4	182	23	4	47	23.5	23.625	A3	57	3	0.25	0.125	0.125	2	3		2
abe etude 25-4	183	23	4.25	47.25	23.625	23.75	C4	60	4	0.25	0.125	0.125	1	2		1
abe etude 25-4	184	23	4.5	47.5	23.75	23.875	F3	53	3	0.25	0.125	0.125	4	4		3
abe etude 25-4	185	23	4.75	47.75	23.875	24	C4	60	4	0.25	0.125	0.125	1	2		1
abe etude 25-4	186	24	1	48	24	24.25	E3	52	3	0.5	0.125	0.125	2	4		2
abe etude 25-4	187	24	1.25	48.25	24.125	24.25	C4	60	4	0.25	0.125	0.125	1	2		1
abe etude 25-4	188	24	1.5	48.5	24.25	24.5	G3	55	3	0.5	0.125	0.125	0	3		0
abe etude 25-4	189	24	1.75	48.75	24.375	24.5	C4	60	4	0.25	0.125	0.125	1	2		1
abe etude 25-4	190	24	2	49	24.5	24.75	C3	48	3	0.5	0.125	0.25	3	5		3
abe etude 25-4	191	24	2.5	49.5	24.75	25	C4	60	4	0.5	0.25	0.25	1	2		1
abe etude 25-4	192	25	3	50	25	25.5	E4	64	4	1	0.25	0.125	0	1		0
abe etude 25-4	193	25	3.25	50.25	25.125	25.25	C4	60	4	0.25	0.125	0.125	1	2		1
abe etude 25-4	194	25	3.5	50.5	25.25	25.5	G3	55	3	0.5	0.125	0.125	0	3		0
abe etude 25-4	195	25	3.75	50.75	25.375	25.5	C4	60	4	0.25	0.125	0.125	1	2		1
abe etude 25-4	196	25	4	51	25.5	26	B-3	58	3	1	0.125	0.125	3	3		3
abe etude 25-4	197	25	4.25	51.25	25.625	25.75	C4	60	4	0.25	0.125	0.125	1	2		1
abe etude 25-4	198	25	4.5	51.5	25.75	26	G4	67	4	0.5	0.125	0.125	4	1		3
abe etude 25-4	199	25	4.75	51.75	25.875	26	C4	60	4	0.25	0.125	0.125	1	2		1
abe etude 25-4	200	26	1	52	26	26.5	F4	65	4	1	0.125	0.125	1	1		1
abe etude 25-4	201	26	1.25	52.25	26.125	26.25	C4	60	4	0.25	0.125	0.125	1	2		1
abe etude 25-4	202	26	1.5	52.5	26.25	26.5	A3	57	3	0.5	0.125	0.125	2	3		2
abe etude 25-4	203	26	1.75	52.75	26.375	26.5	C4	60	4	0.25	0.125	0.125	1	2		1
abe etude 25-4	204	26	2	53	26.5	26.75	F3	53	3	0.5	0.125	0.125	3	4		3
abe etude 25-4	205	26	2.25	53.25	26.625	26.75	C4	60	4	0.25	0.125	0.125	1	2		1
abe etude 25-4	206	26	2.5	53.5	26.75	27	A3	57	3	0.5	0.125	0.125	2	3		2
abe etude 25-4	207	26	2.75	53.75	26.875	27	C4	60	4	0.25	0.125	0.125	1	2		1
abe etude 25-4	208	27	3	54	27	27.125	G3	55	3	0.25	0.125	0	0	3		0
abe etude 25-4	209	27	3	54	27	28	C3	48	3	2	0	0.125	3	5		3
abe etude 25-4	210	27	3.25	54.25	27.125	27.25	C4	60	4	0.25	0.125	0.125	1	2		1
abe etude 25-4	211	27	3.5	54.5	27.25	27.375	B-3	58	3	0.25	0.125	0.125	4	3		3
abe etude 25-4	212	27	3.75	54.75	27.375	27.5	C4	60	4	0.25	0.125	0.125	1	2		1
abe etude 25-4	213	27	4	55	27.5	27.75	A3	57	3	0.5	0.125	0.125	2	3		2
abe etude 25-4	214	27	4.25	55.25	27.625	27.75	C4	60	4	0.25	0.125	0.125	1	2		1
abe etude 25-4	215	27	4.5	55.5	27.75	28	F3	53	3	0.5	0.125	0.125	4	4		3
abe etude 25-4	216	27	4.75	55.75	27.875	28	C4	60	4	0.25	0.125	0.125	1	2		1
abe etude 25-4	217	28	1	56	28	28.125	E3	52	3	0.25	0.125	0	2	4		2
abe etude 25-4	218	28	1	56	28	28.5	C3	48	3	1	0	0.125	3	5		3
abe etude 25-4	219	28	1.25	56.25	28.125	28.25	G3	55	3	0.25	0.125	0.125	0	3		0
abe etude 25-4	220	28	1.5	56.5	28.25	28.25	D4	62	4	0	0.125	0	4	2		3
abe etude 25-4	221	28	1.5	56.5	28.25	28.4375	C4	60	4	0.375	0	0.1875	1	2		1
abe etude 25-4	222	28	1.875	56.875	28.4375	28.5	B3	59	3	0.125	0.1875	0.0625	0	2		0
abe etude 25-4	223	28	2	57	28.5	28.75	C4	60	4	0.5	0.0625	0.25	1	2		1
abe etude 25-4	224	28	2.5	57.5	28.75	29	C4	60	4	0.5	0.25	0.25	1	2		1
abe etude 25-4	225	29	3	58	29	29.25	A3	57	3	0.5	0.25	0.125	2	3		2
abe etude 25-4	226	29	3.25	58.25	29.125	29.25	C4	60	4	0.25	0.125	0.125	1	2		1
abe etude 25-4	227	29	3.5	58.5	29.25	29.5	F3	53	3	0.5	0.125	0.125	3	4		3
abe etude 25-4	228	29	3.75	58.75	29.375	29.5	C4	60	4	0.25	0.125	0.125	1	2		1
abe etude 25-4	229	29	4	59	29.5	30	E3	52	3	1	0.125	0.125	2	4		2
abe etude 25-4	230	29	4.25	59.25	29.625	29.75	C4	60	4	0.25	0.125	0.125	1	2		1
abe etude 25-4	231	29	4.5	59.5	29.75	29.875	B-3	58	3	0.25	0.125	0.125	4	3		3
abe etude 25-4	232	29	4.75	59.75	29.875	30	G3	55	3	0.25	0.125	0.125	0	3		0
abe etude 25-4	233	30	1	60	30	30.5	F3	53	3	1	0.125	0.125	3	4		3
abe etude 25-4	234	30	1.25	60.25	30.125	30.25	A3	57	3	0.25	0.125	0.125	2	3		2
abe etude 25-4	235	30	1.5	60.5	30.25	30.375	C4	60	4	0.25	0.125	0.125	1	2		1
abe etude 25-4	236	30	1.75	60.75	30.375	30.5	F4	65	4	0.25	0.125	0.125	1	1		1
abe etude 25-4	237	30	2	61	30.5	30.625	A4	69	4	0.25	0.125	0.125	1	1		5
abe etude 25-4	238	30	2.25	61.25	30.625	30.75	F4	65	4	0.25	0.125	0.125	2	2		6
abe etude 25-4	239	30	2.5	61.5	30.75	30.875	C4	60	4	0.25	0.125	0.125	1	3		5
abe etude 25-4	240	30	2.75	61.75	30.875	31	A3	57	3	0.25	0.125	0.125	3	4		7
abe etude 25-4	241	31	3	62	31	31.25	B-3	58	3	0.5	0.125	0.125	3	4		8
abe etude 25-4	242	31	3.25	62.25	31.125	31.25	D4	62	4	0.25	0.125	0.125	2	3		7
abe etude 25-4	243	31	3.5	62.5	31.25	31.5	A3	57	3	0.5	0.125	0.125	3	4		7
abe etude 25-4	244	31	3.75	62.75	31.375	31.5	C4	60	4	0.25	0.125	0.125	1	3		5
abe etude 25-4	245	31	4	63	31.5	31.75	G3	55	3	0.5	0.125	0.125	3	4		5
abe etude 25-4	246	31	4.25	63.25	31.625	31.75	B-3	58	3	0.25	0.125	0.125	1	3		3
abe etude 25-4	247	31	4.5	63.5	31.75	32	F3	53	3	0.5	0.125	0.125	3	4		3
abe etude 25-4	248	31	4.75	63.75	31.875	32	A3	57	3	0.25	0.125	0.125	2	3		2
abe etude 25-4	249	32	1	64	32	32.25	E3	52	3	0.5	0.125	0.125	2	4		2
abe etude 25-4	250	32	1.25	64.25	32.125	32.25	G3	55	3	0.25	0.125	0.125	0	3		0
abe etude 25-4	251	32	1.5	64.5	32.25	32.375	F3	53	3	0.25	0.125	0	2	4		3
abe etude 25-4	252	32	1.5	64.5	32.25	32.5	D3	50	3	0.5	0	0.125	4	5		5
abe etude 25-4	253	32	1.75	64.75	32.375	32.5	B3	59	3	0.25	0.125	0.125	0	2		0
abe etude 25-4	254	32	2	65	32.5	32.75	C4	60	4	0.5	0.125	0	1	2		1
abe etude 25-4	255	32	2	65	32.5	32.75	E3	52	3	0.5	0	0	2	4		2
abe etude 25-4	256	32	2	65	32.5	32.75	C3	48	3	0.5	0	0.25	3	5		3
abe etude 25-4	257	32	2.5	65.5	32.75	33	C4	60	4	0.5	0.25	0.25	1	2		1
abe etude 25-4	258	33	3	66	33	33.25	A3	57	3	0.5	0.25	0.125	2	3		2
abe etude 25-4	259	33	3.25	66.25	33.125	33.25	C4	60	4	0.25	0.125	0.125	1	2		1
abe etude 25-4	260	33	3.5	66.5	33.25	33.5	F3	53	3	0.5	0.125	0.125	3	4		3
abe etude 25-4	261	33	3.75	66.75	33.375	33.5	C4	60	4	0.25	0.125	0.125	1	2		1
abe etude 25-4	262	33	4	67	33.5	34	E3	52	3	1	0.125	0.125	2	4		2
abe etude 25-4	263	33	4.25	67.25	33.625	33.75	C4	60	4	0.25	0.125	0.125	1	2		1
abe etude 25-4	264	33	4.5	67.5	33.75	33.875	B-3	58	3	0.25	0.125	0.125	4	3		3
abe etude 25-4	265	33	4.75	67.75	33.875	34	G3	55	3	0.25	0.125	0.125	0	3		0
abe etude 25-4	266	34	1	68	34	34.5	F3	53	3	1	0.125	0.125	3	4		3
abe etude 25-4	267	34	1.25	68.25	34.125	34.25	A3	57	3	0.25	0.125	0.125	2	3		2
abe etude 25-4	268	34	1.5	68.5	34.25	34.375	C4	60	4	0.25	0.125	0.125	1	2		1
abe etude 25-4	269	34	1.75	68.75	34.375	34.5	F4	65	4	0.25	0.125	0.125	1	1		1
abe etude 25-4	270	34	2	69	34.5	34.625	A4	69	4	0.25	0.125	0.125	4	1		5
abe etude 25-4	271	34	2.25	69.25	34.625	34.75	G4	67	4	0.25	0.125	0.125	2	1		3
abe etude 25-4	272	34	2.5	69.5	34.75	34.875	F4	65	4	0.25	0.125	0	1	1		1
abe etude 25-4	273	34	2.5	69.5	34.75	35	A2	45	2	0.5	0	0.125	0	5		0
abe etude 25-4	274	34	2.75	69.75	34.875	35	E4	64	4	0.25	0.125	0.125	0	1		0
abe etude 25-4	275	35	3	70	35	35.125	D4	62	4	0.25	0.125	0	4	2		3
abe etude 25-4	276	35	3	70	35	35.75	B-2	46	2	1.5	0	0.125	1	5		1
abe etude 25-4	277	35	3.25	70.25	35.125	35.25	C4	60	4	0.25	0.125	0.125	2	2		1
abe etude 25-4	278	35	3.5	70.5	35.25	35.375	B-3	58	3	0.25	0.125	0.125	4	3		3
abe etude 25-4	279	35	3.75	70.75	35.375	35.5	A3	57	3	0.25	0.125	0.125	2	3		2
abe etude 25-4	280	35	4	71	35.5	35.625	G3	55	3	0.25	0.125	0.125	0	3		0
abe etude 25-4	281	35	4.25	71.25	35.625	35.75	B-3	58	3	0.25	0.125	0.125	4	3		3
abe etude 25-4	282	35	4.5	71.5	35.75	35.875	E3	52	3	0.25	0.125	0	2	4		2
abe etude 25-4	283	35	4.5	71.5	35.75	36	C3	48	3	0.5	0	0.125	3	5		3
abe etude 25-4	284	35	4.75	71.75	35.875	36	G3	55	3	0.25	0.125	0.125	0	3		0
abe etude 25-4	285	36	1	72	36	36.5	F3	53	3	1	0.125	0.125	3	4		3
abe etude 25-4	286	36	1.25	72.25	36.125	36.25	A3	57	3	0.25	0.125	0.125	2	3		2
abe etude 25-4	287	36	1.5	72.5	36.25	36.375	C4	60	4	0.25	0.125	0.125	1	2		1
abe etude 25-4	288	36	1.75	72.75	36.375	36.5	F4	65	4	0.25	0.125	0.125	1	1		1
abe etude 25-4	289	36	2	73	36.5	36.75	F2	41	2	0.5	0.125	0	1	6		1
abe etude 25-10	0	1	1	0	0	0.0357	E2	40	2	0.0714	0	0.0357	0	6		0
abe etude 25-10	1	1	1.0714	0.0714	0.0357	0.0714	B2	47	2	0.0714	0.0357	0.0357	2	5		2
abe etude 25-10	2	1	1.1429	0.1429	0.0714	0.1071	E3	52	3	0.0714	0.0357	0.0357	3	4		2
abe etude 25-10	3	1	1.2143	0.2143	0.1071	0.1429	G#3	56	3	0.0714	0.0357	0.0357	1	3		1
abe etude 25-10	4	1	1.2857	0.2857	0.1429	0.1786	B3	59	3	0.0714	0.0357	0.0357	0	2		0
abe etude 25-10	5	1	1.3571	0.3571	0.1786	0.2143	E4	64	4	0.0714	0.0357	0.0357	0	1		0
abe etude 25-10	6	1	1.4286	0.4286	0.2143	0.25	B3	59	3	0.0714	0.0357	0.0357	0	2		0
abe etude 25-10	7	1	1.5	0.5	0.25	0.375	E2	40	2	0.25	0.0357	0.25	0	6		0
abe etude 25-10	8	1	2	1	0.5	0.625	G#4	68	4	0.25	0.25	0	1	1		4
abe etude 25-10	9	1	2	1	0.5	0.625	E4	64	4	0.25	0	0.25	2	2		5
abe etude 25-10	10	1	2.5	1.5	0.75	0.875	B4	71	4	0.25	0.25	0	1	1		7
abe etude 25-10	11	1	2.5	1.5	0.75	0.875	G#4	68	4	0.25	0	0.25	3	2		9
abe etude 25-10	12	2	3	2	1	1.0357	E2	40	2	0.0714	0.25	0.0357	0	6		0
abe etude 25-10	13	2	3.0714	2.0714	1.0357	1.0714	B2	47	2	0.0714	0.0357	0.0357	2	5		2
abe etude 25-10	14	2	3.1429	2.1429	1.0714	1.1071	E3	52	3	0.0714	0.0357	0.0357	3	4		2
abe etude 25-10	15	2	3.2143	2.2143	1.1071	1.1429	G#3	56	3	0.0714	0.0357	0.0357	1	3		1
abe etude 25-10	16	2	3.2857	2.2857	1.1429	1.1786	B3	59	3	0.0714	0.0357	0.0357	0	2		0
abe etude 25-10	17	2	3.3571	2.3571	1.1786	1.2143	E4	64	4	0.0714	0.0357	0.0357	0	1		0
abe etude 25-10	18	2	3.4286	2.4286	1.2143	1.25	B3	59	3	0.0714	0.0357	0.0357	0	2		0
abe etude 25-10	19	2	3.5	2.5	1.25	1.375	E2	40	2	0.25	0.0357	0.25	0	6		0
abe etude 25-10	20	2	4	3	1.5	1.625	G#4	68	4	0.25	0.25	0	1	1		4
abe etude 25-10	21	2	4	3	1.5	1.625	E4	64	4	0.25	0	0.25	2	2		5
abe etude 25-10	22	2	4.5	3.5	1.75	1.875	B4	71	4	0.25	0.25	0	1	1		7
abe etude 25-10	23	2	4.5	3.5	1.75	1.875	G#4	68	4	0.25	0	0.25	3	2		9
abe etude 25-10	24	3	1	4	2	2.0417	B2	47	2	0.0833	0.25	0.0417	2	5		2
abe etude 25-10	25	3	1.0833	4.0833	2.0417	2.0833	D#3	51	3	0.0833	0.0417	0.0417	1	4		1
abe etude 25-10	26	3	1.1667	4.1667	2.0833	2.125	A3	57	3	0.0833	0.0417	0.0417	3	3		2
abe etude 25-10	27	3	1.25	4.25	2.125	2.1667	B3	59	3	0.0833	0.0417	0.0417	0	2		0
abe etude 25-10	28	3	1.3333	4.3333	2.1667	2.2083	F#4	66	4	0.0833	0.0417	0.0417	4	1		2
abe etude 25-10	29	3	1.4167	4.4167	2.2083	2.25	B3	59	3	0.0833	0.0417	0.0417	0	2		0
abe etude 25-10	30	3	1.5	4.5	2.25	2.375	B2	47	2	0.25	0.0417	0.25	2	5		2
abe etude 25-10	31	3	2	5	2.5	2.625	G#4	68	4	0.25	0.25	0	4	1		4
abe etude 25-10	32	3	2	5	2.5	2.625	B3	59	3	0.25	0	0.25	3	3		4
abe etude 25-10	33	3	2.5	5.5	2.75	2.875	F#4	66	4	0.25	0.25	0	4	1		2
abe etude 25-10	34	3	2.5	5.5	2.75	2.875	A3	57	3	0.25	0	0.25	3	3		2
abe etude 25-10	35	4	3	6	3	3.0357	E2	40	2	0.0714	0.25	0.0357	0	6		0
abe etude 25-10	36	4	3.0714	6.0714	3.0357	3.0714	B2	47	2	0.0714	0.0357	0.0357	2	5		2
abe etude 25-10	37	4	3.1429	6.1429	3.0714	3.1071	E3	52	3	0.0714	0.0357	0.0357	3	4		2
abe etude 25-10	38	4	3.2143	6.2143	3.1071	3.1429	G#3	56	3	0.0714	0.0357	0.0357	1	3		1
abe etude 25-10	39	4	3.2857	6.2857	3.1429	3.1786	B3	59	3	0.0714	0.0357	0.0357	0	2		0
abe etude 25-10	40	4	3.3571	6.3571	3.1786	3.2143	E4	64	4	0.0714	0.0357	0.0357	0	1		0
abe etude 25-10	41	4	3.4286	6.4286	3.2143	3.25	B3	59	3	0.0714	0.0357	0.0357	0	2		0
abe etude 25-10	42	4	3.5	6.5	3.25	3.375	E2	40	2	0.25	0.0357	0.25	0	6		0
abe etude 25-10	43	4	4	7	3.5	3.625	B3	59	3	0.25	0.25	0	0	2		0
abe etude 25-10	44	4	4	7	3.5	3.625	G#3	56	3	0.25	0	0.25	1	3		1
abe etude 25-10	45	4	4.5	7.5	3.75	3.875	B3	59	3	0.25	0.25	0	0	2		0
abe etude 25-10	46	4	4.5	7.5	3.75	3.875	G#3	56	3	0.25	0	0.25	1	3		1
abe etude 25-10	47	5	1	8	4	4.0357	E2	40	2	0.0714	0.25	0.0357	0	6		0
abe etude 25-10	48	5	1.0714	8.0714	4.0357	4.0714	B2	47	2	0.0714	0.0357	0.0357	2	5		2
abe etude 25-10	49	5	1.1429	8.1429	4.0714	4.1071	E3	52	3	0.0714	0.0357	0.0357	3	4		2
abe etude 25-10	50	5	1.2143	8.2143	4.1071	4.1429	G#3	56	3	0.0714	0.0357	0.0357	1	3		1
abe etude 25-10	51	5	1.2857	8.2857	4.1429	4.1786	B3	59	3	0.0714	0.0357	0.0357	0	2		0
abe etude 25-10	52	5	1.3571	8.3571	4.1786	4.2143	E4	64	4	0.0714	0.0357	0.0357	0	1		0
abe etude 25-10	53	5	1.4286	8.4286	4.2143	4.25	B3	59	3	0.0714	0.0357	0.0357	0	2		0
abe etude 25-10	54	5	1.5	8.5	4.25	4.375	E2	40	2	0.25	0.0357	0.25	0	6		0
abe etude 25-10	55	5	2	9	4.5	4.625	G#4	68	4	0.25	0.25	0	1	1		4
abe etude 25-10	56	5	2	9	4.5	4.625	E4	64	4	0.25	0	0.25	2	2		5
abe etude 25-10	57	5	2.5	9.5	4.75	4.875	G#4	68	4	0.25	0.25	0	1	1		4
abe etude 25-10	58	5	2.5	9.5	4.75	4.875	E4	64	4	0.25	0	0.25	2	2		5
abe etude 25-10	59	6	3	10	5	5.0357	F#2	42	2	0.0714	0.25	0.0357	1	6		2
abe etude 25-10	60	6	3.0714	10.0714	5.0357	5.0714	B2	47	2	0.0714	0.0357	0.0357	1	5		2
abe etude 25-10	61	6	3.1429	10.1429	5.0714	5.1071	F#3	54	3	0.0714	0.0357	0.0357	2	4		4
abe etude 25-10	62	6	3.2143	10.2143	5.1071	5.1429	B3	59	3	0.0714	0.0357	0.0357	3	3		4
abe etude 25-10	63	6	3.2857	10.2857	5.1429	5.1786	D#4	63	4	0.0714	0.0357	0.0357	4	2		4
abe etude 25-10	64	6	3.3571	10.3571	5.1786	5.2143	F#4	66	4	0.0714	0.0357	0.0357	1	1		2
abe etude 25-10	65	6	3.4286	10.4286	5.2143	5.25	D#4	63	4	0.0714	0.0357	0.0357	4	2		4
abe etude 25-10	66	6	3.5	10.5	5.25	5.375	F#2	42	2	0.25	0.0357	0.25	1	6		2
abe etude 25-10	67	6	4	11	5.5	5.625	D#4	63	4	0.25	0.25	0	4	2		4
abe etude 25-10	68	6	4	11	5.5	5.625	B3	59	3	0.25	0	0	3	3		4
abe etude 25-10	69	6	4	11	5.5	5.625	F#3	54	3	0.25	0	0.25	2	4		4
abe etude 25-10	70	6	4.5	11.5	5.75	5.875	D#4	63	4	0.25	0.25	0	4	2		4
abe etude 25-10	71	6	4.5	11.5	5.75	5.875	B3	59	3	0.25	0	0	3	3		4
abe etude 25-10	72	6	4.5	11.5	5.75	5.875	F#3	54	3	0.25	0	0.25	2	4		4
abe etude 25-10	73	7	1	12	6	6.0357	F#2	42	2	0.0714	0.25	0.0357	1	6		2
abe etude 25-10	74	7	1.0714	12.0714	6.0357	6.0714	C#3	49	3	0.0714	0.0357	0.0357	3	5		4
abe etude 25-10	75	7	1.1429	12.1429	6.0714	6.1071	F#3	54	3	0.0714	0.0357	0.0357	4	4		4
abe etude 25-10	76	7	1.2143	12.2143	6.1071	6.1429	A#3	58	3	0.0714	0.0357	0.0357	2	3		3
abe etude 25-10	77	7	1.2857	12.2857	6.1429	6.1786	C#4	61	4	0.0714	0.0357	0.0357	1	2		2
abe etude 25-10	78	7	1.3571	12.3571	6.1786	6.2143	F#4	66	4	0.0714	0.0357	0.0357	1	1		2
abe etude 25-10	79	7	1.4286	12.4286	6.2143	6.25	C#4	61	4	0.0714	0.0357	0.0357	1	2		2
abe etude 25-10	80	7	1.5	12.5	6.25	6.375	F#2	42	2	0.25	0.0357	0.25	1	6		2
abe etude 25-10	81	7	2	13	6.5	6.625	E4	64	4	0.25	0.25	0	0	1		0
abe etude 25-10	82	7	2	13	6.5	6.625	C#4	61	4	0.25	0	0	1	2		2
abe etude 25-10	83	7	2	13	6.5	6.625	F#3	54	3	0.25	0	0.25	3	4		4
abe etude 25-10	84	7	2.5	13.5	6.75	6.875	C#4	61	4	0.25	0.25	0	1	2		2
abe etude 25-10	85	7	2.5	13.5	6.75	6.875	A#3	58	3	0.25	0	0	1	3		3
abe etude 25-10	86	7	2.5	13.5	6.75	6.875	F#3	54	3	0.25	0	0.25	3	4		4
abe etude 25-10	87	8	3	14	7	7.05	B2	47	2	0.1	0.25	0.05	1	5		2
abe etude 25-10	88	8	3.1	14.1	7.05	7.1	F#3	54	3	0.1	0.05	0.05	2	4		4
abe etude 25-10	89	8	3.2	14.2	7.1	7.15	B3	59	3	0.1	0.05	0.05	3	3		4
abe etude 25-10	90	8	3.3	14.3	7.15	7.2	D#4	63	4	0.1	0.05	0.05	4	2		4
abe etude 25-10	91	8	3.4	14.4	7.2	7.25	B3	59	3	0.1	0.05	0.05	3	3		4
abe etude 25-10	92	8	3.5	14.5	7.25	7.375	B2	47	2	0.25	0.05	0.25	1	5		2
abe etude 25-10	93	8	4	15	7.5	7.625	A2	45	2	0.25	0.25	0.25	0	5		0
abe etude 25-10	94	8	4.5	15.5	7.75	7.875	F#2	42	2	0.25	0.25	0.25	2	6		2
abe etude 25-10	95	9	1	16	8	8.05	B2	47	2	0.1	0.25	0.05	1	5		2
abe etude 25-10	96	9	1.1	16.1	8.05	8.1	F#3	54	3	0.1	0.05	0.05	2	4		4
abe etude 25-10	97	9	1.2	16.2	8.1	8.15	B3	59	3	0.1	0.05	0.05	3	3		4
abe etude 25-10	98	9	1.3	16.3	8.15	8.2	D#4	63	4	0.1	0.05	0.05	4	2		4
abe etude 25-10	99	9	1.4	16.4	8.2	8.25	B3	59	3	0.1	0.05	0.05	3	3		4
abe etude 25-10	100	9	1.5	16.5	8.25	8.375	B2	47	2	0.25	0.05	0.25	1	5		2
abe etude 25-10	101	9	2	17	8.5	8.625	B2	47	2	0.25	0.25	0.25	1	5		2
abe etude 25-10	102	9	2.5	17.5	8.75	8.875	A2	45	2	0.25	0.25	0.25	0	5		0
abe etude 25-10	103	10	3	18	9	9.0357	G#2	44	2	0.0714	0.25	0.0357	1	6		4
abe etude 25-10	104	10	3.0714	18.0714	9.0357	9.0714	D#3	51	3	0.0714	0.0357	0.0357	3	5		6
abe etude 25-10	105	10	3.1429	18.1429	9.0714	9.1071	G#3	56	3	0.0714	0.0357	0.0357	4	4		6
abe etude 25-10	106	10	3.2143	18.2143	9.1071	9.1429	B#3	60	3	0.0714	0.0357	0.0357	2	3		5
abe etude 25-10	107	10	3.2857	18.2857	9.1429	9.1786	D#4	63	4	0.0714	0.0357	0.0357	1	2		4
abe etude 25-10	108	10	3.3571	18.3571	9.1786	9.2143	G#4	68	4	0.0714	0.0357	0.0357	1	1		4
abe etude 25-10	109	10	3.4286	18.4286	9.2143	9.25	D#4	63	4	0.0714	0.0357	0.0357	1	2		4
abe etude 25-10	110	10	3.5	18.5	9.25	9.375	G#2	44	2	0.25	0.0357	0.25	1	6		4
abe etude 25-10	111	10	4	19	9.5	9.625	G#4	68	4	0.25	0.25	0	1	1		4
abe etude 25-10	112	10	4	19	9.5	9.625	D#4	63	4	0.25	0	0	1	2		4
abe etude 25-10	113	10	4	19	9.5	9.625	B#3	60	3	0.25	0	0.25	2	3		5
abe etude 25-10	114	10	4.5	19.5	9.75	9.875	G#4	68	4	0.25	0.25	0	1	1		4
abe etude 25-10	115	10	4.5	19.5	9.75	9.875	D#4	63	4	0.25	0	0	1	2		4
abe etude 25-10	116	10	4.5	19.5	9.75	9.875	B#3	60	3	0.25	0	0.25	2	3		5
abe etude 25-10	117	11	1	20	10	10.05	C#3	49	3	0.1	0.25	0.05	1	5		4
abe etude 25-10	118	11	1.1	20.1	10.05	10.1	G#3	56	3	0.1	0.05	0.05	3	4		6
abe etude 25-10	119	11	1.2	20.2	10.1	10.15	C#4	61	4	0.1	0.05	0.05	4	3		6
abe etude 25-10	120	11	1.3	20.3	10.15	10.2	E4	64	4	0.1	0.05	0.05	2	2		5
abe etude 25-10	121	11	1.4	20.4	10.2	10.25	C#4	61	4	0.1	0.05	0.05	4	3		6
abe etude 25-10	122	11	1.5	20.5	10.25	10.375	C#3	49	3	0.25	0.05	0.25	1	5		4
abe etude 25-10	123	11	2	21	10.5	10.625	G#4	68	4	0.25	0.25	0	1	1		4
abe etude 25-10	124	11	2	21	10.5	10.625	E4	64	4	0.25	0	0	2	2		5
abe etude 25-10	125	11	2	21	10.5	10.625	C#4	61	4	0.25	0	0.25	4	3		6
abe etude 25-10	126	11	2.5	21.5	10.75	10.875	G#4	68	4	0.25	0.25	0	1	1		4
abe etude 25-10	127	11	2.5	21.5	10.75	10.875	E4	64	4	0.25	0	0	2	2		5
abe etude 25-10	128	11	2.5	21.5	10.75	10.875	C#4	61	4	0.25	0	0.25	4	3		6
abe etude 25-10	129	12	3	22	11	11.0357	F#2	42	2	0.0714	0.25	0.0357	1	6		2
abe etude 25-10	130	12	3.0714	22.0714	11.0357	11.0714	C#3	49	3	0.0714	0.0357	0.0357	2	5		4
abe etude 25-10	131	12	3.1429	22.1429	11.0714	11.1071	F#3	54	3	0.0714	0.0357	0.0357	3	4		4
abe etude 25-10	132	12	3.2143	22.2143	11.1071	11.1429	A3	57	3	0.0714	0.0357	0.0357	1	3		2
abe etude 25-10	133	12	3.2857	22.2857	11.1429	11.1786	C#4	61	4	0.0714	0.0357	0.0357	1	2		2
abe etude 25-10	134	12	3.3571	22.3571	11.1786	11.2143	A4	69	4	0.0714	0.0357	0.0357	4	1		5
abe etude 25-10	135	12	3.4286	22.4286	11.2143	11.25	C#4	61	4	0.0714	0.0357	0.0357	1	2		2
abe etude 25-10	136	12	3.5	22.5	11.25	11.375	F#2	42	2	0.25	0.0357	0.25	1	6		2
abe etude 25-10	137	12	4	23	11.5	11.625	A4	69	4	0.25	0.25	0	4	1		5
abe etude 25-10	138	12	4	23	11.5	11.625	C#4	61	4	0.25	0	0.25	1	2		2
abe etude 25-10	139	12	4.5	23.5	11.75	11.875	A4	69	4	0.25	0.25	0	4	1		5
abe etude 25-10	140	12	4.5	23.5	11.75	11.875	C#4	61	4	0.25	0	0.25	1	2		2
abe etude 25-10	141	13	1	24	12	12.0357	G#2	44	2	0.0714	0.25	0.0357	1	6		4
abe etude 25-10	142	13	1.0714	24.0714	12.0357	12.0714	D#3	51	3	0.0714	0.0357	0.0357	3	5		6
abe etude 25-10	143	13	1.1429	24.1429	12.0714	12.1071	G#3	56	3	0.0714	0.0357	0.0357	4	4		6
abe etude 25-10	144	13	1.2143	24.2143	12.1071	12.1429	B#3	60	3	0.0714	0.0357	0.0357	2	3		5
abe etude 25-10	145	13	1.2857	24.2857	12.1429	12.1786	D#4	63	4	0.0714	0.0357	0.0357	1	2		4
abe etude 25-10	146	13	1.3571	24.3571	12.1786	12.2143	G#4	68	4	0.0714	0.0357	0.0357	1	1		4
abe etude 25-10	147	13	1.4286	24.4286	12.2143	12.25	D#4	63	4	0.0714	0.0357	0.0357	1	2		4
abe etude 25-10	148	13	1.5	24.5	12.25	12.375	G#2	44	2	0.25	0.0357	0.25	1	6		4
abe etude 25-10	149	13	2	25	12.5	12.625	G#4	68	4	0.25	0.25	0	1	1		4
abe etude 25-10	150	13	2	25	12.5	12.625	B#3	60	3	0.25	0	0.25	2	3		5
abe etude 25-10	151	13	2.5	25.5	12.75	12.875	F#4	66	4	0.25	0.25	0	4	2		7
abe etude 25-10	152	13	2.5	25.5	12.75	12.875	B#3	60	3	0.25	0	0	2	3		5
abe etude 25-10	153	13	2.5	25.5	12.75	12.875	G#3	56	3	0.25	0	0.25	3	4		6
abe etude 25-10	154	14	3	26	13	13.05	C#3	49	3	0.1	0.25	0.05	1	5		4
abe etude 25-10	155	14	3.1	26.1	13.05	13.1	G#3	56	3	0.1	0.05	0.05	3	4		6
abe etude 25-10	156	14	3.2	26.2	13.1	13.15	C#4	61	4	0.1	0.05	0.05	4	3		6
abe etude 25-10	157	14	3.3	26.3	13.15	13.2	E4	64	4	0.1	0.05	0.05	2	2		5
abe etude 25-10	158	14	3.4	26.4	13.2	13.25	C#4	61	4	0.1	0.05	0.05	4	3		6
abe etude 25-10	159	14	3.5	26.5	13.25	13.375	C#3	49	3	0.25	0.05	0.25	1	5		4
abe etude 25-10	160	14	4	27	13.5	13.625	G#4	68	4	0.25	0.25	0	1	1		4
abe etude 25-10	161	14	4	27	13.5	13.625	E4	64	4	0.25	0	0	2	2		5
abe etude 25-10	162	14	4	27	13.5	13.625	C#4	61	4	0.25	0	0.25	4	3		6
abe etude 25-10	163	14	4.5	27.5	13.75	13.875	B4	71	4	0.25	0.25	0	4	1		7
abe etude 25-10	164	14	4.5	27.5	13.75	13.875	E4	64	4	0.25	0	0	2	2		5
abe etude 25-10	165	14	4.5	27.5	13.75	13.875	C#4	61	4	0.25	0	0.25	3	3		6
abe etude 25-10	166	15	1	28	14	14.05	F#3	54	3	0.1	0.25	0.05	1	4		4
abe etude 25-10	167	15	1.1	28.1	14.05	14.1	C#4	61	4	0.1	0.05	0.05	3	3		6
abe etude 25-10	168	15	1.2	28.2	14.1	14.15	E4	64	4	0.1	0.05	0.05	2	2		5
abe etude 25-10	169	15	1.3	28.3	14.15	14.2	A#4	70	4	0.1	0.05	0.05	4	1		6
abe etude 25-10	170	15	1.4	28.4	14.2	14.25	E4	64	4	0.1	0.05	0.05	2	2		5
abe etude 25-10	171	15	1.5	28.5	14.25	14.375	F#3	54	3	0.25	0.05	0.25	1	4		4
abe etude 25-10	172	15	2	29	14.5	14.55	G#3	56	3	0.1	0.25	0.05	3	4		6
abe etude 25-10	173	15	2.1	29.1	14.55	14.6	B3	59	3	0.1	0.05	0.05	1	3		4
abe etude 25-10	174	15	2.2	29.2	14.6	14.65	D#4	63	4	0.1	0.05	0.05	1	2		4
abe etude 25-10	175	15	2.3	29.3	14.65	14.7	B4	71	4	0.1	0.05	0.05	4	1		7
abe etude 25-10	176	15	2.4	29.4	14.7	14.75	D#4	63	4	0.1	0.05	0.05	1	2		4
abe etude 25-10	177	15	2.5	29.5	14.75	14.875	G#3	56	3	0.25	0.05	0.25	3	4		6
abe etude 25-10	178	16	3	30	15	15.05	E3	52	3	0.1	0.25	0.05	2	5		7
abe etude 25-10	179	16	3.1	30.1	15.05	15.1	G#3	56	3	0.1	0.05	0.05	1	4		6
abe etude 25-10	180	16	3.2	30.2	15.1	15.15	C#4	61	4	0.1	0.05	0.05	1	3		6
abe etude 25-10	181	16	3.3	30.3	15.15	15.2	B4	71	4	0.1	0.05	0.05	4	1		7
abe etude 25-10	182	16	3.4	30.4	15.2	15.25	C#4	61	4	0.1	0.05	0.05	1	3		6
abe etude 25-10	183	16	3.5	30.5	15.25	15.375	E3	52	3	0.25	0.05	0.25	2	5		7
abe etude 25-10	184	16	4	31	15.5	15.625	A#4	70	4	0.25	0.25	0	4	1		6
abe etude 25-10	185	16	4	31	15.5	15.625	C#4	61	4	0.25	0	0	3	3		6
abe etude 25-10	186	16	4	31	15.5	15.625	F#3	54	3	0.25	0	0.25	1	4		4
abe etude 25-10	187	16	4.5	31.5	15.75	15.875	A#4	70	4	0.25	0.25	0	4	1		6
abe etude 25-10	188	16	4.5	31.5	15.75	15.875	E4	64	4	0.25	0	0	3	2		5
abe etude 25-10	189	16	4.5	31.5	15.75	15.875	F#3	54	3	0.25	0	0.25	1	4		4
abe etude 25-10	190	17	1	32	16	16.125	B4	71	4	0.25	0.25	0	4	1		7
abe etude 25-10	191	17	1	32	16	16.125	D#4	63	4	0.25	0	0	1	2		4
abe etude 25-10	192	17	1	32	16	16.125	B3	59	3	0.25	0	0.25	1	3		4
abe etude 25-10	193	17	1.5	32.5	16.25	16.2857	B2	47	2	0.0714	0.25	0.0357	1	6		7
abe etude 25-10	194	17	1.5714	32.5714	16.2857	16.3214	F#3	54	3	0.0714	0.0357	0.0357	3	5		9
abe etude 25-10	195	17	1.6429	32.6429	16.3214	16.3571	B3	59	3	0.0714	0.0357	0.0357	4	4		9
abe etude 25-10	196	17	1.7143	32.7143	16.3571	16.3929	D#4	63	4	0.0714	0.0357	0.0357	2	3		8
abe etude 25-10	197	17	1.7857	32.7857	16.3929	16.4286	F#4	66	4	0.0714	0.0357	0.0357	1	2		7
abe etude 25-10	198	17	1.8571	32.8571	16.4286	16.4643	B4	71	4	0.0714	0.0357	0.0357	1	1		7
abe etude 25-10	199	17	1.9286	32.9286	16.4643	16.5	F#4	66	4	0.0714	0.0357	0.0357	1	2		7
abe etude 25-10	200	17	2	33	16.5	16.625	B2	47	2	0.25	0.0357	0.25	1	6		7
abe etude 25-10	201	17	2.5	33.5	16.75	17	B3	59	3	0.5	0.25	0.25	4	4		9
abe etude 25-10	202	18	3	34	17	17.0357	E2	40	2	0.0714	0.25	0.0357	0	6		0
abe etude 25-10	203	18	3.0714	34.0714	17.0357	17.0714	B2	47	2	0.0714	0.0357	0.0357	2	5		2
abe etude 25-10	204	18	3.1429	34.1429	17.0714	17.1071	E3	52	3	0.0714	0.0357	0.0357	3	4		2
abe etude 25-10	205	18	3.2143	34.2143	17.1071	17.1429	G#3	56	3	0.0714	0.0357	0.0357	1	3		1
abe etude 25-10	206	18	3.2857	34.2857	17.1429	17.1786	B3	59	3	0.0714	0.0357	0.0357	0	2		0
abe etude 25-10	207	18	3.3571	34.3571	17.1786	17.2143	E4	64	4	0.0714	0.0357	0.0357	0	1		0
abe etude 25-10	208	18	3.4286	34.4286	17.2143	17.25	B3	59	3	0.0714	0.0357	0.0357	0	2		0
abe etude 25-10	209	18	3.5	34.5	17.25	17.375	E2	40	2	0.25	0.0357	0.25	0	6		0
abe etude 25-10	210	18	4	35	17.5	17.625	G#4	68	4	0.25	0.25	0	1	1		4
abe etude 25-10	211	18	4	35	17.5	17.625	E4	64	4	0.25	0	0.25	2	2		5
abe etude 25-10	212	18	4.5	35.5	17.75	17.875	B4	71	4	0.25	0.25	0	1	1		7
abe etude 25-10	213	18	4.5	35.5	17.75	17.875	G#4	68	4	0.25	0	0.25	3	2		9
abe etude 25-10	214	19	1	36	18	18.0357	E2	40	2	0.0714	0.25	0.0357	0	6		0
abe etude 25-10	215	19	1.0714	36.0714	18.0357	18.0714	B2	47	2	0.0714	0.0357	0.0357	2	5		2
abe etude 25-10	216	19	1.1429	36.1429	18.0714	18.1071	E3	52	3	0.0714	0.0357	0.0357	3	4		2
abe etude 25-10	217	19	1.2143	36.2143	18.1071	18.1429	G#3	56	3	0.0714	0.0357	0.0357	1	3		1
abe etude 25-10	218	19	1.2857	36.2857	18.1429	18.1786	B3	59	3	0.0714	0.0357	0.0357	0	2		0
abe etude 25-10	219	19	1.3571	36.3571	18.1786	18.2143	E4	64	4	0.0714	0.0357	0.0357	0	1		0
abe etude 25-10	220	19	1.4286	36.4286	18.2143	18.25	B3	59	3	0.0714	0.0357	0.0357	0	2		0
abe etude 25-10	221	19	1.5	36.5	18.25	18.375	E2	40	2	0.25	0.0357	0.25	0	6		0
abe etude 25-10	222	19	2	37	18.5	18.625	G#4	68	4	0.25	0.25	0	1	1		4
abe etude 25-10	223	19	2	37	18.5	18.625	E4	64	4	0.25	0	0.25	2	2		5
abe etude 25-10	224	19	2.5	37.5	18.75	18.875	B4	71	4	0.25	0.25	0	1	1		7
abe etude 25-10	225	19	2.5	37.5	18.75	18.875	G#4	68	4	0.25	0	0.25	3	2		9
abe etude 25-10	226	20	3	38	19	19.0417	B2	47	2	0.0833	0.25	0.0417	2	5		2
abe etude 25-10	227	20	3.0833	38.0833	19.0417	19.0833	D#3	51	3	0.0833	0.0417	0.0417	1	4		1
abe etude 25-10	228	20	3.1667	38.1667	19.0833	19.125	A3	57	3	0.0833	0.0417	0.0417	3	3		2
abe etude 25-10	229	20	3.25	38.25	19.125	19.1667	B3	59	3	0.0833	0.0417	0.0417	0	2		0
abe etude 25-10	230	20	3.3333	38.3333	19.1667	19.2083	F#4	66	4	0.0833	0.0417	0.0417	4	1		2
abe etude 25-10	231	20	3.4167	38.4167	19.2083	19.25	B3	59	3	0.0833	0.0417	0.0417	0	2		0
abe etude 25-10	232	20	3.5	38.5	19.25	19.375	B2	47	2	0.25	0.0417	0.25	2	5		2
abe etude 25-10	233	20	4	39	19.5	19.625	G#4	68	4	0.25	0.25	0	4	1		4
abe etude 25-10	234	20	4	39	19.5	19.625	B3	59	3	0.25	0	0.25	3	3		4
abe etude 25-10	235	20	4.5	39.5	19.75	19.875	F#4	66	4	0.25	0.25	0	4	1		2
abe etude 25-10	236	20	4.5	39.5	19.75	19.875	A3	57	3	0.25	0	0.25	3	3		2
abe etude 25-10	237	21	1	40	20	20.0357	E2	40	2	0.0714	0.25	0.0357	0	6		0
abe etude 25-10	238	21	1.0714	40.0714	20.0357	20.0714	B2	47	2	0.0714	0.0357	0.0357	2	5		2
abe etude 25-10	239	21	1.1429	40.1429	20.0714	20.1071	E3	52	3	0.0714	0.0357	0.0357	3	4		2
abe etude 25-10	240	21	1.2143	40.2143	20.1071	20.1429	G#3	56	3	0.0714	0.0357	0.0357	1	3		1
abe etude 25-10	241	21	1.2857	40.2857	20.1429	20.1786	B3	59	3	0.0714	0.0357	0.0357	0	2		0
abe etude 25-10	242	21	1.3571	40.3571	20.1786	20.2143	E4	64	4	0.0714	0.0357	0.0357	0	1		0
abe etude 25-10	243	21	1.4286	40.4286	20.2143	20.25	B3	59	3	0.0714	0.0357	0.0357	0	2		0
abe etude 25-10	244	21	1.5	40.5	20.25	20.375	E2	40	2	0.25	0.0357	0.25	0	6		0
abe etude 25-10	245	21	2	41	20.5	20.625	B3	59	3	0.25	0.25	0	0	2		0
abe etude 25-10	246	21	2	41	20.5	20.625	G#3	56	3	0.25	0	0.25	1	3		1
abe etude 25-10	247	21	2.5	41.5	20.75	20.875	B3	59	3	0.25	0.25	0	0	2		0
abe etude 25-10	248	21	2.5	41.5	20.75	20.875	G#3	56	3	0.25	0	0.25	1	3		1
abe etude 25-10	249	22	3	42	21	21.0357	E2	40	2	0.0714	0.25	0.0357	0	6		0
abe etude 25-10	250	22	3.0714	42.0714	21.0357	21.0714	B2	47	2	0.0714	0.0357	0.0357	2	5		2
abe etude 25-10	251	22	3.1429	42.1429	21.0714	21.1071	E3	52	3	0.0714	0.0357	0.0357	3	4		2
abe etude 25-10	252	22	3.2143	42.2143	21.1071	21.1429	G#3	56	3	0.0714	0.0357	0.0357	1	3		1
abe etude 25-10	253	22	3.2857	42.2857	21.1429	21.1786	B3	59	3	0.0714	0.0357	0.0357	0	2		0
abe etude 25-10	254	22	3.3571	42.3571	21.1786	21.2143	E4	64	4	0.0714	0.0357	0.0357	0	1		0
abe etude 25-10	255	22	3.4286	42.4286	21.2143	21.25	B3	59	3	0.0714	0.0357	0.0357	0	2		0
abe etude 25-10	256	22	3.5	42.5	21.25	21.375	E2	40	2	0.25	0.0357	0.25	0	6		0
abe etude 25-10	257	22	4	43	21.5	21.625	G#4	68	4	0.25	0.25	0	4	1		4
abe etude 25-10	258	22	4	43	21.5	21.625	D4	62	4	0.25	0	0	2	2		3
abe etude 25-10	259	22	4	43	21.5	21.625	B3	59	3	0.25	0	0.25	3	3		4
abe etude 25-10	260	22	4.5	43.5	21.75	21.875	B4	71	4	0.25	0.25	0	4	1		7
abe etude 25-10	261	22	4.5	43.5	21.75	21.875	D4	62	4	0.25	0	0	3	3		7
abe etude 25-10	262	22	4.5	43.5	21.75	21.875	G#3	56	3	0.25	0	0.25	2	4		6
abe etude 25-10	263	23	1	44	22	22.0417	A2	45	2	0.0833	0.25	0.0417	1	5		0
abe etude 25-10	264	23	1.0833	44.0833	22.0417	22.0833	A3	57	3	0.0833	0.0417	0.0417	3	4		7
abe etude 25-10	265	23	1.1667	44.1667	22.0833	22.125	C#4	61	4	0.0833	0.0417	0.0417	2	3		6
abe etude 25-10	266	23	1.25	44.25	22.125	22.1667	E4	64	4	0.0833	0.0417	0.0417	1	2		5
abe etude 25-10	267	23	1.3333	44.3333	22.1667	22.2083	A4	69	4	0.0833	0.0417	0.0417	1	1		5
abe etude 25-10	268	23	1.4167	44.4167	22.2083	22.25	E4	64	4	0.0833	0.0417	0.0417	1	2		5
abe etude 25-10	269	23	1.5	44.5	22.25	22.375	A2	45	2	0.25	0.0417	0.25	1	5		0
abe etude 25-10	270	23	2	45	22.5	22.625	C#5	73	5	0.25	0.25	0	1	1		9
abe etude 25-10	271	23	2	45	22.5	22.625	A4	69	4	0.25	0	0.25	2	2		10
abe etude 25-10	272	23	2.5	45.5	22.75	22.875	E5	76	5	0.25	0.25	0	1	1		12
abe etude 25-10	273	23	2.5	45.5	22.75	22.875	C#5	73	5	0.25	0	0.25	3	2		14
abe etude 25-10	274	24	3	46	23	23.25	B2	47	2	0.5	0.25	0.0417	2	5		2
abe etude 25-10	275	24	3.0833	46.0833	23.0417	23.0833	E3	52	3	0.0833	0.0417	0.0417	3	4		2
abe etude 25-10	276	24	3.1667	46.1667	23.0833	23.125	G#3	56	3	0.0833	0.0417	0.0417	1	3		1
abe etude 25-10	277	24	3.25	46.25	23.125	23.1667	B3	59	3	0.0833	0.0417	0.0417	0	2		0
abe etude 25-10	278	24	3.3333	46.3333	23.1667	23.2083	E4	64	4	0.0833	0.0417	0.0417	0	1		0
abe etude 25-10	279	24	3.4167	46.4167	23.2083	23.25	B3	59	3	0.0833	0.0417	0.0417	0	2		0
abe etude 25-10	280	24	3.5	46.5	23.25	23.75	B2	47	2	1	0.0417	0.25	2	5		2
abe etude 25-10	281	24	4	47	23.5	23.75	G#4	68	4	0.5	0.25	0	4	1		4
abe etude 25-10	282	24	4	47	23.5	23.75	B3	59	3	0.5	0	0.25	3	3		4
abe etude 25-10	283	24	4.5	47.5	23.75	24	F#4	66	4	0.5	0.25	0	4	1		2
abe etude 25-10	284	24	4.5	47.5	23.75	24	D#3	51	3	0.5	0	0	1	4		1
abe etude 25-10	285	24	4.5	47.5	23.75	24	A3	57	3	0.5	0	0.25	3	3		2
abe etude 25-10	286	25	1	48	24	24.125	E4	64	4	0.25	0.25	0	0	1		0
abe etude 25-10	287	25	1	48	24	24.125	E3	52	3	0.25	0	0	2	4		2
abe etude 25-10	288	25	1	48	24	24.125	G#3	56	3	0.25	0	0.25	1	3		1
abe etude 25-10	289	25	1.5	48.5	24.25	24.5	B2	47	2	0.5	0.25	0.0417	2	5		2
abe etude 25-10	290	25	1.5833	48.5833	24.2917	24.3333	E3	52	3	0.0833	0.0417	0.0417	3	4		2
abe etude 25-10	291	25	1.6667	48.6667	24.3333	24.375	G#3	56	3	0.0833	0.0417	0.0417	1	3		1
abe etude 25-10	292	25	1.75	48.75	24.375	24.4167	B3	59	3	0.0833	0.0417	0.0417	0	2		0
abe etude 25-10	293	25	1.8333	48.8333	24.4167	24.4583	E4	64	4	0.0833	0.0417	0.0417	0	1		0
abe etude 25-10	294	25	1.9167	48.9167	24.4583	24.5	B3	59	3	0.0833	0.0417	0.0417	0	2		0
abe etude 25-10	295	25	2	49	24.5	24.75	E2	40	2	0.5	0.0417	0	0	6		0
